           Cables

                                       FY 2016           2017            Q1-18           Q2-18           Q3-18            9M-18            Q4-18            2018            Q1-19           Q2-19           Q3-19            9M-19
Copper Cables (including Special)
Copper Cable Sales Volume              104,220           85,426          22,981          18,017          17,272           58,270           21,808           80,078          22,047          21,927          21,818           65,792

Copper Cable Revenue                9,229,759,642    13,360,202,233   3,759,209,156   3,037,957,993   2,817,933,757   9,615,100,906    3,703,164,513    13,318,265,419   3,566,227,358   3,207,549,804   3,149,989,617   9,923,766,779
Copper Cable Costs                  7,933,717,246    11,143,474,710   3,380,720,564   2,804,863,012   2,613,691,848   8,799,275,423    3,308,737,150    12,108,012,573   3,115,129,474   2,913,058,248   2,903,811,944   8,931,999,666
Gross Profit                        1,296,042,396     2,216,727,523    378,488,592     233,094,981     204,241,909     815,825,483      394,427,363      1,210,252,846    451,097,884     294,491,557     246,177,673     991,767,113

Copper Cable Price per ton              88,560          156,395          163,577         168,614         163,155         165,009          169,808          166,316          161,753         146,283         144,377         150,835
Copper Cable Cost per ton               76,125          130,446          147,108         155,677         151,329         151,009          151,721          151,203          141,293         132,853         133,094         135,761
Copper Cable Gross Profit Per ton       12,436          25,949           16,469          12,937          11,825           14,001          18,086           15,113           20,460          13,431          11,283          15,074


Aluminum Cables
Aluminum Cable Sales Volume             51,408           36,656          10,750          11,403           9,259           31,411           12,075           43,486          11,050          10,691           8,971           30,712

Aluminum Cable Revenue              3,207,624,196    3,981,790,132    1,294,580,857   1,409,945,549   1,178,276,147   3,882,802,552    1,778,057,754    5,660,860,306    1,383,371,628   1,245,632,214    917,991,913    3,546,995,755
Aluminum Cable Costs                2,844,382,952    3,229,367,497    1,043,354,747   1,192,894,179   1,024,867,424   3,261,116,349    1,523,473,092    4,784,589,441    1,151,645,065   1,040,521,419    819,851,467    3,012,017,951
Gross Profit                         363,241,243      752,422,635      251,226,110     217,051,370     153,408,723     621,686,203      254,584,662      876,270,865      231,726,563     205,110,795     98,140,445      534,977,804

Aluminum Cable Price per ton            62,396          108,626          120,425         123,652         127,262         123,611          147,250          130,175          125,191         116,513         102,332         115,493
Aluminum Cable Cost per ton             55,330          88,099           97,055          104,616         110,693         103,820          126,167          110,025          104,220         97,328          91,392          98,074
Gross Profit Per ton                     7,066           20,527           23,370          19,035          16,569          19,792          21,084           20,150            20,970          19,186          10,940          17,419

Others
Others' Revenue                     1,278,601,397    2,859,174,501     388,316,664     531,853,932     627,262,169    1,547,432,765     702,854,892     2,250,287,657     418,212,458     393,634,787     400,216,836    1,212,064,080
Others' Cost                        1,258,678,716    2,507,954,231     321,588,999     473,621,681     525,262,563    1,320,473,243     655,241,877     1,975,715,119     357,101,251     354,338,488     381,840,738    1,093,280,477
Gross Profit                          19,922,682      351,220,270      66,727,666      58,232,250      101,999,606     226,959,522      47,613,016       274,572,538      61,111,207      39,296,299      18,376,098      118,783,604

Total
Cable Sales Volume                     155,628          122,082          33,731          29,420          26,530           89,681           33,883          123,564          33,097          32,618          30,788           96,504

Cable Revenue                       13,715,985,235   20,201,166,866   5,442,106,677   4,979,757,473   4,623,472,073   15,045,336,223   6,184,077,160    21,229,413,383   5,367,811,444   4,846,816,805   4,468,198,365   14,682,826,614
Cable Costs                         12,036,778,914   16,880,796,438   4,745,664,309   4,471,378,872   4,163,821,834   13,380,865,015   5,487,452,119    18,868,317,134   4,623,875,790   4,307,918,154   4,105,504,149   13,037,298,093
Gross Profit                        1,679,206,321    3,320,370,428     696,442,368     508,378,601     459,650,239    1,664,471,208     696,625,041     2,361,096,249     743,935,654     538,898,651     362,694,216    1,645,528,521

Cable Price per ton                     88,133          165,472          161,337         169,265         174,272         167,764          182,512          171,808          162,182         148,594         145,126         152,148
Cable Cost per ton                      77,343          138,274          140,690         151,985         156,946         149,204          161,953          152,700          139,705         132,072         133,345         135,096
Gross Profit Per ton                    10,790          27,198           20,647          17,280          17,326          18,560           20,560           19,108           22,477          16,522          11,780          17,051



         Cables + Raw Material
Total Cable Revenue                 20,655,939,629   34,516,667,581   9,389,129,170   8,599,789,381   8,684,540,761   26,673,459,312   10,042,987,018   36,716,446,330   9,265,028,641   7,869,229,963   7,067,410,615   24,201,669,219
Total Cable Costs                   17,649,760,056   29,789,206,714   8,508,153,316   7,881,504,501   8,030,844,493   24,420,502,310   9,112,044,130    33,532,546,440   8,350,732,655   7,198,833,465   6,620,602,802   22,170,168,922
Total Gross Profit                  3,006,179,573    4,727,460,867     880,975,854     718,284,880     653,696,268    2,252,957,002     930,942,888     3,183,899,890     914,295,986     670,396,498     446,807,813    2,031,500,297
     Raw Material

                                         FY 2016         FY 2017           Q1-18           Q2-18           Q3-18           9M-18            Q4-18            2018            Q1-19           Q2-19           H1-19           Q3-19           9M-19
Copper Rods
Copper Rod Volume                        107,437          109,668          26,239          23,889          27,385          77,513           27,112          104,625          28,608          21,711          50,319          19,524          69,842

Copper Rod Revenue                     5,626,413,294   12,271,783,656   3,336,244,634   3,025,774,309   3,369,622,492   9,731,641,435    3,196,657,533   12,928,298,968   3,240,752,167   2,457,510,418   5,698,262,585   2,022,284,263   7,720,546,848
Copper Rod Costs (excluding selling)   4,701,346,052   11,403,419,455   3,260,747,944   2,912,614,572   3,265,244,480   9,438,606,996    3,058,487,546   12,497,094,542   3,166,698,455   2,412,093,023   5,578,791,478   2,020,002,768   7,598,794,246
Gross Profit                            925,067,242     868,364,201       75,496,690     113,159,737     104,378,012     293,034,439      138,169,987     431,204,426      74,053,712      45,417,395      119,471,107      2,281,495      121,752,602

Copper Rod Price per ton                  52,369          111,899         127,150         126,660         123,044          125,548         117,907          123,568         113,281         113,195         113,244         103,582         110,543
Copper Rod Cost per ton                   43,759          103,981         124,272         121,923         119,233          121,768         112,810          119,447         110,692         111,103         110,869         103,465         108,799
Copper Rod Gross Profit Per ton            8,610           7,918           2,877           4,737           3,811            3,780           5,096            4,121           2,589           2,092           2,374            117            1,743


PVC
PVC Volume                                99,056          88,042           25,829          26,471          30,522          82,822           27,345          110,167          28,836          23,262          52,098          21,994          74,092

PVC Revenue                            1,163,345,713   1,720,272,498    498,399,631     506,104,733     588,874,775     1,593,379,139    550,696,757     2,144,075,896    555,404,207     451,675,175     1,007,079,382   432,580,294     1,439,659,676
PVC Costs (excluding selling)           792,498,198    1,244,953,518    405,083,275     418,689,189     504,530,476     1,328,302,940    465,862,835     1,794,165,775    466,752,304     378,821,205      845,573,509    363,204,410     1,208,777,919
Gross Profit                            370,847,515     475,318,980      93,316,356      87,415,544      84,344,299      265,076,199      84,833,922      349,910,121      88,651,903      72,853,970      161,505,873     69,375,884      230,881,757

PVC Price per ton                         11,744          19,539           19,296          19,119          19,294          19,239           20,139          19,462           19,261          19,417          19,330          19,668          19,431
PVC Cost per ton                           8,001          14,140           15,683          15,817          16,530          16,038           17,036          16,286           16,186          16,285          16,230          16,514          16,315
PVC Gross Profit Per ton                   3,744           5,399            3,613           3,302           2,763           3,201            3,102           3,176            3,074           3,132           3,100           3,154           3,116


Raw Steel
steel Volume                              15,279          18,712            4,168           2,400           2,031           8,599            2,257          10,856            2,284           3,571           5,855           2,793           8,649

steel Revenue                          150,195,388      323,444,561     112,378,228      88,152,866     102,571,421      303,102,515     111,555,568      414,658,083     101,060,823     113,227,565     214,288,388     144,347,693     358,636,081
steel Costs (excluding selling)        119,136,892      260,037,303      96,657,788      78,821,868      97,247,703      272,727,359     100,241,630      372,968,989      93,406,106     100,001,083     193,407,189     131,891,475     325,298,664
Gross Profit                            31,058,495       63,407,258      15,720,440       9,330,998       5,323,718       30,375,156      11,313,938       41,689,094       7,654,717      13,226,482      20,881,199      12,456,218      33,337,417

steel Price per ton                        9,830          17,285           26,961          36,738          50,507          35,251           49,419          38,197           44,239          31,707          36,596          51,673          41,466
steel Cost per ton                         7,797          13,897           23,190          32,849          47,885          31,718           44,407          34,357           40,889          28,003          33,030          47,214          37,611
steel Gross Profit Per ton                 2,033           3,389            3,772           3,889           2,621           3,533            5,012           3,840            3,351           3,704           3,566           4,459           3,855


Total Revenue                          6,939,954,395   14,315,500,715   3,947,022,493   3,620,031,908   4,061,068,688   11,628,123,089   3,858,909,858   15,487,032,947   3,897,217,197   3,022,413,158   6,919,630,355   2,599,212,250   9,518,842,605
Total Cost                             5,612,981,142   12,908,410,276   3,762,489,007   3,410,125,629   3,867,022,659   11,039,637,295   3,624,592,011   14,664,229,306   3,726,856,865   2,890,915,311   6,617,772,176   2,515,098,653   9,132,870,829
Gross Profit                           1,326,973,252    1,407,090,439    184,533,486     209,906,279     194,046,029     588,485,794      234,317,847     822,803,641      170,360,332     131,497,847     301,858,179      84,113,597     385,971,776
           Meters
                                       FY 2016         FY 2017         Q1-18         Q2-18         Q3-18          9M-18          Q4-18           2018          Q1-19          Q2-19          Q3-19          9M-19
 Induction Meters                      602,506          15,800           0             0             0                             0              0              0              0              0              0
 Electronic Meters                    2,762,764       3,766,500       920,170       967,203       964,989       2,852,362       788,192       3,640,554       997,860       1,198,811       865,692       3,062,363
Total Meters Sales Volume             3,365,270       3,782,300       920,170       967,203       964,989       2,852,362       788,192       3,640,554       997,860       1,198,811       865,692       3,062,363


Meters Revenue                       1,102,859,549   3,323,120,596   965,517,007   868,677,350   809,874,267   2,644,068,624   838,244,460   3,482,313,084   910,226,497   1,054,046,221   872,891,937   2,837,164,655
Meters Costs (without selling exp)    861,585,776    2,569,457,042   742,479,695   638,402,430   630,889,848   2,011,771,973   644,540,838   2,656,312,811   710,390,104    801,212,078    663,595,103   2,175,197,285
Gross Profit                          241,273,773     753,663,554    223,037,312   230,274,920   178,984,419    632,296,651    193,703,622    826,000,273    199,836,393    252,834,143    209,296,834    661,967,370

Meters Price per Unit                    328             879            1,049         898           839            927           1,064           957            912            879           1,008           926
Meters Cost per Unit                     256             679             807          660           654            705            818            730            712            668            767            710
Meters Gross Profit Per Units            72              199             242          238           185            222            246            227            200            211            242            216
     Transformers
                                             FY 2016        FY 2017          Q1-18         Q2-18         Q3-18         9M-18           Q4-18          2018           Q1-19         Q2-19         Q3-19         9M-19
Sales Volume MVA                              5,824           6,425           1,841         1,872         1,867         5,580           2,826         8,406           2,289         1,863         3,040         7,193

Revenue                                    1,072,537,135   1,467,490,737   459,230,006   403,874,517   513,555,331   1,376,659,854   517,479,581   1,894,139,435   502,668,480   425,130,069   542,158,740   1,469,957,289
Cost of Goods Sold (without selling exp)    659,695,049    1,026,890,873   352,452,539   312,073,167   383,187,189   1,047,712,895   426,618,120   1,474,331,015   391,464,667   320,241,701   361,630,351   1,073,336,719
Gross Profit                                412,842,086     440,599,864    106,777,467   91,801,350    130,368,142    328,946,959    90,861,461     419,808,420    111,203,813   104,888,368   180,528,389    396,620,570

Price Per MVA                                184,159         228,404        249,419       215,760       275,017        246,694        183,132        225,328        219,560       228,171       178,328        204,363
Cost Per MVA                                 113,272         159,828        191,425       166,717       205,203        187,748        150,977        175,387        170,987       171,876       118,948        149,222
Gross Profit Per MVA                          70,887          68,576         57,993        49,043        69,814         58,947         32,155         49,941         48,572        56,294        59,380         55,141
