                                                                              Segment Analysis



       Q1-2021            Sales             GP         GP %     Selling Exp     Deprecation             Q1-2020         Sales             GP         GP %    Selling Exp     Deprecation
Raw Material          1,955,222,096    287,704,220      15%    17,931,928      10,342,242     Raw Material          1,112,640,564     65,363,886       9%    16,163,788      9,223,451
Cables                4,334,344,138    524,192,585      12%    102,432,521     55,954,919     Cables                3,602,119,164    407,794,731      13%    91,115,461     59,569,389
Turnkey               4,546,733,470    577,657,123      13%     9,153,658      98,858,972     Turnkey               4,935,200,891    411,356,462      15%    15,643,913     70,890,138
Meters                 809,513,449     245,798,223      30%    40,988,731      23,746,207     Meters                 646,256,263     139,787,465      26%    43,046,906     19,170,595
Transformers           365,847,762     107,558,393      29%    17,203,114      10,739,563     Transformers           310,876,589     112,449,867      31%    20,538,715     10,697,480
Electrical products    177,244,092      74,976,667      42%     7,155,140       6,329,765     Electrical products    149,733,543      44,817,025      41%     6,174,075      4,826,608
Renwables -IPPs        103,352,590      55,507,149      54%          0         35,059,499     Renwables -IPPs        22,037,061       16,710,162                  0          6,504,549
Not Allocated                                                        0          7,262,022     Not Allocated                                                                  6,931,469
Total                 12,292,257,597   1,873,394,360   15.2%   194,865,092     248,293,189    Total                 10,778,864,074   1,198,279,598   11.1%   192,682,858    187,813,679



       Q2-2021            Sales             GP         GP %     Selling Exp     Deprecation             Q2-2020         Sales             GP         GP %    Selling Exp     Deprecation
Raw Material          2,026,565,079    251,483,970      12%    16,971,411      10,484,841     Raw Material           896,206,807     168,491,959      19%    11,463,956     10,120,853
Cables                4,508,153,715    515,192,730      11%    106,265,887     56,442,230     Cables                2,656,406,858    308,048,932      12%    87,837,371     63,283,623
Turnkey               6,005,936,146    794,348,175      13%     8,681,575      130,069,084    Turnkey               4,501,058,879    297,820,556       7%    10,015,907     76,145,674
Meters                 477,721,892     146,968,549      31%    40,711,684      35,308,513     Meters                 748,719,538     163,452,892      22%    36,798,836     19,303,171
Transformers           436,796,341     112,986,088      26%    14,204,273      10,791,559     Transformers           278,554,738      65,860,621      24%    16,859,754     10,469,682
Electrical products    187,294,598      77,342,117      41%     9,492,625       7,104,978     Electrical products    102,146,085      47,777,125      47%     6,492,188      5,505,248
Renwables -IPPs        77,771,996       32,786,633      42%       2,014        35,859,321     Renwables -IPPs        156,383,840      50,641,966                  0         73,630,975
Not Allocated                                                                   7,908,318     Not Allocated                                                                  7,076,417
Total                 13,720,239,768   1,931,108,263   14.1%   196,329,469     293,968,844    Total                 9,339,476,743    1,102,094,051   11.8%   169,468,012    265,535,643



       H1-2021             Sales             GP        GP %     Selling Exp     Deprecation              H1-2020        Sales             GP         GP %     Selling Exp    Deprecation
Raw Material           3,981,787,176    539,188,190     14%    34,903,339      20,827,083     Raw Material          2,008,847,370    233,855,845      12%    27,627,744     19,344,304
Cables                 8,842,497,853   1,039,385,315    12%    208,698,408     112,397,149    Cables                6,258,526,021    715,843,663      11%    178,952,832    122,853,012
Turnkey               10,552,669,616   1,365,239,298    13%    17,835,233      228,928,056    Turnkey               9,436,259,771    709,177,018       8%    25,659,820     147,035,812
Meters                 1,287,235,341    392,766,773     31%    81,700,415      59,054,720     Meters                1,394,975,800    303,240,357      22%    79,845,742     38,473,766
Transformers            802,644,103     220,544,480     27%    31,407,387      21,531,122     Transformers           589,431,327     178,310,488      30%    37,398,469     21,167,162
Electrical products     364,538,691     159,084,933     44%    16,647,765      13,434,743     Electrical products    251,879,627      92,594,150      37%    12,666,263     10,331,856
Renwables -IPPs         181,124,586      88,293,783     49%       2,014        70,918,820     Renwables -IPPs        178,420,900      67,352,128                   0        80,135,524
Not Allocated                0               0                       0         15,170,340     Not Allocated                                                        0        14,007,886
Total                 26,012,497,365   3,804,502,772   14.6%   391,194,561     542,262,033    Total                 20,118,340,818   2,300,373,648   11.4%   362,150,870    453,349,322




       Q3-2021            Sales             GP         GP %     Selling Exp     Deprecation             Q3-2020         Sales             GP         GP %     Selling Exp    Deprecation
Raw Material          2,273,854,063    113,932,243       5%    23,372,834      10,673,729     Raw Material          1,396,434,229    227,406,548      16%    15,584,378     10,504,208
Cables                5,166,528,191    518,857,024      10%    104,067,162     56,600,091     Cables                3,349,107,659    452,857,827      14%    110,372,093    50,787,388
Turnkey               6,080,167,582    739,266,518      12%    20,692,135      86,864,257     Turnkey               5,190,555,621    849,996,084      16%     6,134,623     96,039,282
Meters                 470,800,709     120,856,267      26%    36,249,231      26,674,407     Meters                 677,915,782     180,469,484      27%    37,023,246     20,764,173
Transformers           628,441,108      90,732,292      14%    33,157,673      18,644,452     Transformers           463,692,896     115,511,189      25%    15,617,147     10,731,380
Electrical products    162,998,279      81,269,230      50%    12,538,833       7,604,574     Electrical products    171,429,208      80,285,435      47%     7,789,702      5,720,221
Renwables -IPPs        91,615,856       45,835,939      50%          0         34,952,469     Renwables -IPPs        102,527,919      94,840,302                   0        18,350,223
Not Allocated                                                                   8,260,388     Not Allocated                                                                  6,979,164
Total                 14,874,405,788   1,710,749,513   11.5%   230,077,868     250,274,367    Total                 11,351,663,313   2,001,366,869   17.6%   192,521,189    219,876,038



       9M-2021             Sales             GP        GP %     Selling Exp     Deprecation             9M-2020          Sales             GP        GP %     Selling Exp    Deprecation
Raw Material           6,255,641,238    653,120,433     10%    58,276,173      31,500,812     Raw Material           3,405,281,599    461,262,393     14%    43,212,122     29,848,512
Cables                14,009,026,044   1,558,242,340    11%    312,765,570     168,997,240    Cables                 9,607,633,680   1,168,701,490    12%    289,324,925    173,640,400
Turnkey               16,632,837,198   2,111,271,816    13%    38,527,368      315,792,313    Turnkey               14,626,815,391   1,559,173,101    11%    31,794,443     243,075,094
Meters                 1,758,036,050    513,623,040     29%    117,949,646     85,729,127     Meters                 2,072,891,582    483,709,842     23%    116,868,988    59,237,939
Transformers           1,431,085,211    311,276,773     22%    64,565,060      40,175,574     Transformers           1,053,124,223    293,821,677     28%    53,015,616     31,898,542
Electrical products     527,536,970     233,588,014     44%    29,186,598      21,039,317     Electrical products     423,308,835     172,879,585     41%    20,455,965     16,052,077
Renwables -IPPs         272,740,442     134,129,721     49%          0         105,871,289    Renwables -IPPs         280,948,820     162,192,430                  0        98,485,747
Not Allocated                0               0                       0         23,430,728     Not Allocated                                                        0        20,987,050
Total                 40,886,903,153   5,515,252,136   13.5%   621,270,415     792,536,400    Total                 31,470,004,131   4,301,740,517   13.7%   554,672,059    673,225,360

Wires& cables         6,255,641,238    653,120,433     10.4%                                  Wires& cables         3,405,281,599    461,262,393     13.5%



       Q4-2021            Sales              GP        GP %     Selling Exp     Deprecation             Q4-2020         Sales              GP        GP %     Selling Exp    Deprecation
Raw Material          3,270,410,988     347,121,054     11%    29,728,374      10,797,337     Raw Material          1,863,752,120     208,027,066     11%    16,609,576     10,393,488
Cables                6,093,922,349     582,527,996     10%    135,269,548     62,696,373     Cables                3,656,744,731     462,238,945     13%    101,504,870    58,511,393
Turnkey               8,760,751,193    1,574,247,478    18%    19,678,540      138,134,538    Turnkey               8,153,042,111    1,603,497,146    20%     9,485,045     92,912,834
Meters                 637,226,874      203,438,457     32%    62,549,565      27,649,533     Meters                 649,910,694      219,449,328     34%    48,197,322     51,875,610
Transformers           596,196,366       60,668,621     10%    30,034,007      15,259,936     Transformers           430,274,424      165,456,814     38%    28,102,820     10,595,403
Electrical products    198,240,589      101,251,297     51%     9,695,328       8,051,758     Electrical products    95,996,266        59,836,467     62%    11,210,874      6,266,053
Renwables -IPPs        97,770,100        50,792,859     52%          0         34,310,103     Renwables -IPPs        81,846,291        33,767,453     41%          0        42,639,405
Not Allocated                                                        0                        Not Allocated                                                                  6,831,883
Total                 19,654,518,459   2,920,047,763   14.9%   286,955,362     296,899,578    Total                 14,931,566,636   2,752,273,219   18.4%   215,110,507    280,026,070

Wires& cables         9,364,333,337    929,649,051     9.9%                    296,899,578    Wires& cables         5,520,496,850    670,266,011     12.1%

       FY-2021             Sales             GP        GP %     Selling Exp     Deprecation              FY-2020         Sales             GP        GP %     Selling Exp    Deprecation
Raw Material           9,526,052,227   1,000,241,487    11%    88,004,547      42,298,149     Raw Material           5,269,033,719    669,289,459     13%    59,821,698     40,242,000
Cables                20,102,948,393   2,140,770,336    11%    448,035,118     231,693,613    Cables                13,264,378,411   1,630,940,435    12%    390,829,795    232,151,793
Turnkey               25,393,588,391   3,685,519,294    15%    58,205,908      477,357,579    Turnkey               22,779,857,502   3,162,670,247    14%    41,279,488     335,987,928
Meters                 2,395,262,923    717,061,497     30%    180,499,211     113,378,660    Meters                 2,722,802,276    703,159,170     26%    165,066,310    111,113,549
Transformers           2,027,281,577    371,945,394     18%    94,599,067      55,435,510     Transformers           1,483,398,647    459,278,490     31%    81,118,436     42,493,945
Electrical products     725,777,559     334,839,311     46%    38,881,926      29,091,075     Electrical products     519,305,102     232,716,052     45%    31,666,839     22,318,130
Renwables -IPPs         370,510,542     184,922,580     50%          0         140,181,392    Renwables -IPPs         362,795,111     195,959,883     54%                   141,125,152
Not Allocated                0               0                                                Not Allocated                                                                 27,818,933
Total                 60,541,421,612   8,435,299,899   13.9%   908,225,777    1,089,435,978   Total                 46,401,570,767   7,054,013,737   15.2%   769,782,566    953,251,430

Wires& cables         29,629,000,620   3,141,011,823   10.6%                  1,089,435,978   Wires& cables         18,533,412,130   2,300,229,894   12.4%




2/8/2022 2:13 PM
