
=== page 1 ===
2019 Q1-2020 Q2-2020 Q3-2020 9M-2020 Q4-2020 FY-2020 Q1-2021 Q2-2021 Q3-2021 9M-2021 4Q-2021 FY-2021
Copper Cables (Including Special)
Copper Cable Sales Volume 85,899 22,650 15,411 18,549 56.610 20,630 77,240 22,383 21,651 21,725 65,759 (23,199 88,957
Copper Cable Revenue 12,565,352,508 2,924,947,743 1,929,507,298 2,395,582,877 7,250,037,918 3,080,633,952 10,330,671,870 —3,461,796,728 3,815,527,680 4,083,065,619 11,360,390,027 4,432,919,755 15,793,309,782
Copper Cable Cosis 11,334,262,500, 2,651,496, 499 1,761,036,251 2,129,525,277 6,542,058,027 2,887, 180,132 9,429,238,159 3,156,625,678 3,452,088,736 3,749,203,529 10,357,917,943 4,003,044,038 14,360,961,981
‘Gross Profit 1,231,090,008 (273,451,244 168,471,047 266,057,599 707,979,890 193,453,820 901,433,711 305,171,050 363,438,945, 333,662,090 1,002,472,084 429,875,717 1,432,347 ,801
Copper Cable Price per ton 146.280 129,136 125,203 129,152 128,070 149,329 133,748 154,663 176,230 187,943 172,759 191,086 177,538
Copper Cable Cost per ton 131,948 117,063 114,271 114,808 115,564 139,952 122,078 141,029 159,444 172,575 157,514 172,556 161,437
‘Copper Cable Gross Profit Per ton 14,332 12,073 10,932 14,344 12,506 9,377 11,671 13,634 16,786 15,368 15,245, 18,530 16,102
Aluminum Cables
Aluminum Cable Sates Volume 41,049 10,283 7,841 12,973 31,096 12,561 43,658 12,289 10,922 40,160 33,371 11,098 44,468
Aluminum Cable Revenue 4,478,669 850 1,051,405,968 848,759,197 1,191,902,070 3,092,067,235 937,508,828 4,029,576,063 1,086,266,395, 1,063,219,001 1,197,481,475 3,346,966,870 1,488,113,940 4,835,080,810
Aluminum Cable Costs 3,766,616,199 927,583,415, 729,688,672 1,045,407,680 2,702,679,767 794,821,763 3,497,501,530 933,543,613, 936,211,232 1,052,708,784 2,922,463,629 1,315, 163,368 4,237 ,626,997
Gross Profit 712,053,651 123,822,553 119,070,525 146,484,390 389,387,468 142,687,064 532,074,533 152,722,782 127,007,769 144,772,690 424,503,241 172,950,572 $97,453,813
Aluminum Cable Pree per ton 109,107 102,251 108,247 91,876 99,435, 74,635 92,299 88,395 97,346 117,862 100,296 134,094 108,730
Aluminum Cable Cost per ton ‘91,760 90,209 93,061 80,584 86,913 63,276 80,112 75,967 85,717 103,613 87,575 118,509 95,295
Gross Profit Per ton AT BAT 12,042 15,186 11,292 12,522 11,359 42,187, 12,428 11,629 14,249 12,721 15,585, 13,435
Others
Others’ Revenue 1,631,652,462 333,136,511 417,520,819 423,816,652 1,174,473,982 307,852,019 1,482,326,001 703,308,276 888,926,457 915,949,630 2,508, 184,363 2,246,282,456 4,754,466,819
Others’ Cost 1.499,208,184 322,615,577 397,013,462 383,510,811 1,103,139,850 181,754,211 1,284,894,061 637,009,525 864,180,438 875,727,387 2,376 917,349 2,266,580,747 4,643,498,006
Gross Profit 132,354,278 10,520,934 20,507,357 40,305,841 74,334,131 126,097,808 197,431,940 66,298,751 24,746,019 40,222,243 131,267,014 -20,298,291 410,968,723
Total
Cable Sales Volume 126,948 32,933 23,252 31,521 87,706 33,191 120,897 34,672 32,573 31,885 99,130 34,296 133,426,
Cable Revenue 18,675,674,820 4,309,490,222 3,185, 787,314 4,011,301,598 11,516,579,134 4,325,994,799 15,842,573,933 5,251,371,399 5,767,673,138 6,196,496,723 17,215,541,260 8,167,316,151 (25,362,857,411
Cable Costs 16,600,176,883 3,901,685,491 2,887,738,385 3,558,443,768 10,347,877,644 3,863,756, 106 14,211,633,750 4,727,178,816 §,252,480,405 5,877,839,700 15,657,298,921 7,584,788,153 23,242,087,074
Gross Profit 2,075,497,937 407,794,731 308,048,929 452,857,830 1,168,701,490 462,238,693 1,630,940,183, 524,192,583 515,192,733 518,857,023 1,558,242,339 582,527,998 (2,140,770,337
Cable Price per ton 147,113 130,857 137,441 127,256 131,309 130,338 131,042 151,460 477,070 194,338 114,601 129,254 118,368
Cable Cost per ton 130,764 118,474 124,193 112,890 117,983 416,410 117,551 136,341 161,253 178,066 104,489 116,720 107,633
Gross Profit Per ton 16,349 12,383 13,248 14,367 13,325 13,927 13,490 15,119 15,817 16,273 15,719 16,985 16,045

Cabios + Raw Material

Total Cable Revenue 30,716,531,189 -_7,233,850,384 §,191,110,658 7,002,825,241 19,427, 786,483 7,797,932,405 -27,225,718,888 8,255,490,265, 8,356,859,315 9,306,722,812 -25,919,072,382 —12,220,429,218 38, 148,501,610
Total Cable Costs 28,137,440,092 «6 760,691,767 4,714,569,969 6,322,560,864 17,797,822,600 7,066,977,270 24,864,799,870 7,443,593,462 7,590, 182,612 8,673,933,546 -23,707,709,620 —11,299,780,167 —_-35,007,489,787
Total Gross Profit 2,579,091,097 473,158,617 476,540,889 680,264,377 1,629,963,883 730,955 135 2,360,919,018 811,896,803 766,676,703 632,789,266 2,211,362,772 929,649,051 3,144,011,623

=== page 2 ===
2019 Q1-2020 Q2-2020 Q3-2020 Q4-2020 FY-2020 Q1-2021 Q2-2021 Q3-2021 SM-2021 Q4-2021 FY-2021
Copper Rods.
Copper Rod Volume 89,129 24,519 16.268 24,421 24,765 89,972 34,227 31,691 30,274 93,191 30,431 123,622
Copper Rod Revenue 9,649,030,245 2,375,715,701 1,528,261,728 2,400,522,940 2,740,498,564 9,044,998,933 2,156,602,129 1,711,998,440 2,191,703,804 6,060,310,373 2,968,662,256 9,028,972,629
Copper Rod Costs (excluding selling) 9,506,823,977 2,382,070.967 1,443,625,071 2,283,406,289 2,645,602,655 8,754,704,982 2,050,288,478 1,631,649, 154 2,228,611,756 §,910,549,388 2,841 ,052,700 8,751,602,088
Gross Profit 142,206,268 6,355,266 84,636,657 117,116,651 94,895,909 290,293,951 106,313,651 80,349,266 -36,901,952 149,760,985, 127,609,556, 277,370,541
Copper Rod Price per ton 108,260 96,894 93,941 98,298 110,662 100,531 69,062 54,022 72,397 65,031 97,553 73,037
Copper Rod Cost per ton 106,664 97,153 88,738 93,502 106,830 97,304 65,658 51,487 73,616 63,424 93,360 70,793
Copper Red Gross Profit Per ton 1,596 -259 5,203 4,796 3,832 3,226 3,405 2,535 1,219 1,607 4,193 2,244
Pvc
PVC Volume 96,962 22,378 18,195 23,984 25,851 90,407 28,302 26,394 25,792 80,488 27,938 108,427
PVC Revenue 1,876,509, 167 430,342,218 341,798,949 426,448,047 500,339,341 1,698,928,555, 599,956,506 637,506,194 660,258,399 1,897,721,099 781,542,313 2,679,263,412
PVC Costs (exctuding selling) 1,574,931,007 361,772,758 274,830,676 336,199,086 359,234,919 1,332,037 ,439 447,343,435 494,650,875 551,877,670 1,493,87 1,980 604,640,484 2,098,512,461
Gross Profit 301,578,160 68,569,460 66,968,273 90,248,961 141,104,422 366,891,116 152,613,071 142,855,319 108,380,729 403,849,119 176,901,832 $80,750,951
PVC Price per ton 19,353 19,231 18,785 17,781 19,355 18,792 21,199 24,153 25,589 23,578 27,974 24,710
PVC Cost per ton 16,243 16,166 15,105 14,018 13,897 14,734 15,806 18,741 21,397 18,560 21,642 19,354
PVC Gross Profit Per ton 3.110 3,064 3,681 3,763 5,458 4,058 5,392 5,412 4,202 5,017 6,332 5,356
Raw Steel
steel Volume 9,904 550 745 1,050 2,083 4,429 2,297 1,242 579 4118 666 4,784
steel Revenue 515,316,957 118,302,243 125,262,867 164,552,656 231,099,701 639,217,467 247,560,231 239,681,543 258,257,886 745,499,660 311,908,498 1,057,408,158
steel Costs (excluding selling) 455,508,225 115,152,551 108,375,837 144,511,724 198,383,590 $66,423,699 218,782,733 214,402,178 215,804,420 645,989,331 269,298,833 915,288, 164
Gross Profit 59,808,732 3,149,692 16,887,030 20,040,935 32,716,111 72,793,768 28,777,498 28,279,365 42,453,466 99,510,329 42,609,665 142,119,994
steel Price per ton 52,031 214,316 168,143 156,717 110,937 144,338 107,775 192,980 446,041 181,034 468,331 221,030
steel Cost per ton 45,992 209,194 145,475 137,630 95,232 127,901 95,247 170,211 372,719 156,870 404,353 191,323
steel] Gross Profit Per ton 6,039 5,722 22,668 19,087 15,705 16,437 12,528 22,769 73,322 24,165 63,978 29,707
Total Revenue 12,040,856,369 2,924,360,162 1,995,323,544 2,991,523,643 3,471,937,606 11,383,144,955, 3,004,118,8665 2,589,186,177 3,110,226,089 8,703,531,132 4,062,113,067 12,765,644,199
Total Cast 11,537,263,209 2,858,996,276 1,826,831,584 2,764,117,086 3,203,221,164 10,653,166,120 2,716,414,646 2,337,702,207 2,996,293,846 8,050,410,699 3,714,992,014 11,765,402,713
Gross Profit 503,593,160 65,363,886 168,491,960 227,406,547 268,716,442 729,978,835 287,704,220 251,483,970 113,932,243 653,120,433 347,121,053 1,000,241,486

=== page 3 ===
2019 Q1-2020 Q2-2020 Q3-2020 9M-2020 Q4-2020 FY-2020 Q1-2021 Q2-2021 Q3-2021 9M-2021 Q4-2021 FY-2021
Total Meters Sales Volume 6,027,860 1,216,787 1,165,997 2,020,892 4,403,676 1,080,690 5,484,366 1,130,901 871,499 779,271 3,055,121 867,166 3,648,837
Meters Revenue 3,684,278,811 730,558,383 846,704,245 769,588,634 2,346,851,262 920,534,082 3,267,385,344 916,156,311 626,951,875 581,292,544 2,124,400,730 955,961,265 3,080,361 ,995
Meters Costs (without selling exp) 2,809,944,046 590,770,919 683,251,351 589,119,151 1,863,141,421 701,084,753 2,564,226,174 670,358,088 479,983,326 460,436,276 1,610,777,690 752,522,808 2,363,300,498
Gross Profit 874,334,765 139,787,464 163,452,894 180,469,483 483,709,841 219,449,329 703,159,170 245,798,223 146,968,549 120,856,268 513,623,040 203,438,457 717,061,497
Meters Price per Unit 611 600 726 381 533 852 596 810 719 746 695 1,102 844
Meters Cost per Unit 466 486 586 292 423 649 468 593 551 591 527 868 648
Meters Gross Profit Per Units 145 15 140 89 110 203 128 217 169 155 168 235 197

=== page 4 ===
2019 Q1-2020 Q2-2020 Q3-2020 9M-2020 Q4-2020 FY-2020 Q1-2021 Q2-2021 Q3-2021 9M-2021 Q4-2021 FY-2021

Sales Volume MVA 9,874 2,320 1304 2,699 6,323 2,880 9,203 1,977 2,927 4,249 9,153, 3,500 12,655
Revenue 2,043,926, 108 431,231,191 361,971,760 496,370,257 1,289,573 208 542,096,398 1,831,669,606 408,800,164 522,627,812 722,153,837 1,653,581,813 761,744,471 2,415,326,284
Cost of Goods Sold (without selling exp) 1,505,992,664 318,781,324 296,111,139 380,859,072 995,751,535 376,639,581 1,372,391, 016 301,241,771 409,641,725 631,421,544 1,342,305,040 701,075,850 2,043,380,890
Gross Profit 537,933,444 112,449,867 65,860,621 115,511,185 293,821,673 165,456,817 459,278,490 107,558,393 112,986,087 90,732,293 311,276,773 60,668,621 371,945,394
Price Per MVA 206,992 185,839 277,611 183,941 203,954 188,235 199,035 206,830 178,569 169,944 180,668 217,648 190,853
Cost Per MVA 152,514 137,379 227,100 141,136 157,484 130,783, 149,128 152,412 139,964 148,592 146,658 200,313 161,463
Gross Profit Per MVA $4,477 48,460 $0,511 42,805 46,470 57,453 49,907 54,419 38,605 21,352 34,010 17,334 29,390
