"Date","Price","Open","High","Low","Vol.","Change %"
"07/28/2026","4.165","4.181","4.230","4.165","2.39M","-0.34%"
"07/27/2026","4.179","4.140","4.182","4.133","1.95M","0.94%"
"07/26/2026","4.140","4.105","4.160","4.105","2.89M","0.98%"
"07/23/2026","4.100","4.174","4.217","4.100","2.36M","-1.77%"
"07/22/2026","4.174","4.249","4.312","4.174","1.52M","-0.97%"
"07/21/2026","4.215","4.224","4.300","4.201","2.49M","-0.12%"
"07/20/2026","4.220","4.130","4.309","4.130","3.01M","0.96%"
"07/19/2026","4.180","4.237","4.237","4.135","1.22M","-1.99%"
"07/12/2026","4.265","4.255","4.312","4.220","285.13K","-0.12%"
"07/09/2026","4.270","4.309","4.309","4.239","717.42K","-1.18%"
"07/08/2026","4.321","4.325","4.335","4.283","2.22M","-0.67%"
"07/07/2026","4.350","4.327","4.398","4.327","3.60M","0.58%"
"07/06/2026","4.325","4.320","4.360","4.302","1.28M","0.14%"
"07/05/2026","4.319","4.300","4.356","4.300","716.95K","0.44%"
"07/02/2026","4.300","4.317","4.388","4.300","1.28M","0.12%"
"07/01/2026","4.295","4.260","4.371","4.260","1.76M","0.00%"
"06/30/2026","4.295","4.236","4.310","4.236","6.54M","1.54%"
"06/29/2026","4.230","4.347","4.379","4.230","1.36M","-2.31%"
"06/28/2026","4.330","4.338","4.353","4.300","631.87K","-0.57%"
"06/25/2026","4.355","4.361","4.433","4.330","4.10M","-0.14%"
"06/24/2026","4.361","4.521","4.521","4.351","3.96M","-2.44%"
"06/23/2026","4.470","4.487","4.550","4.450","3.96M","-0.27%"
"06/22/2026","4.482","4.440","4.563","4.440","2.31M","0.04%"
"06/21/2026","4.480","4.480","4.550","4.440","2.98M","0.00%"
"06/18/2026","4.480","4.450","4.517","4.449","5.74M","1.15%"
"06/17/2026","4.429","4.413","4.429","4.404","1.13M","0.36%"
"06/16/2026","4.413","4.434","4.434","4.380","8.23M","-0.02%"
"06/15/2026","4.414","4.398","4.450","4.355","12.46M","1.80%"
"06/14/2026","4.336","4.300","4.380","4.290","3.17M","4.73%"
"06/11/2026","4.140","4.117","4.200","4.091","1.72M","0.49%"
"06/10/2026","4.120","4.120","4.149","4.100","639.27K","-0.72%"
"06/09/2026","4.150","4.200","4.205","4.100","2.77M","1.22%"
"06/08/2026","4.100","4.184","4.186","4.100","2.58M","-2.84%"
"06/07/2026","4.220","4.210","4.220","4.180","1.66M","0.12%"
"06/04/2026","4.215","4.200","4.358","4.193","1.93M","0.40%"
"06/03/2026","4.198","4.251","4.251","4.173","1.97M","-1.22%"
"06/02/2026","4.250","4.309","4.335","4.250","1.18M","-1.05%"
"06/01/2026","4.295","4.359","4.362","4.295","2.95M","-0.81%"
"05/31/2026","4.330","4.377","4.400","4.330","2.05M","-0.23%"
"05/25/2026","4.340","4.526","4.526","4.340","10.12M","-3.25%"
"05/24/2026","4.486","4.385","4.512","4.385","4.65M","3.84%"
"05/21/2026","4.320","4.326","4.355","4.301","1.30M","0.82%"
"05/20/2026","4.285","4.301","4.343","4.285","1.61M","-0.81%"
"05/19/2026","4.320","4.369","4.380","4.320","1.40M","-0.48%"
"05/18/2026","4.341","4.363","4.363","4.285","720.93K","-0.50%"
"05/17/2026","4.363","4.312","4.370","4.312","806.32K","0.39%"
"05/14/2026","4.346","4.330","4.364","4.284","1.90M","0.05%"
"05/13/2026","4.344","4.305","4.356","4.284","1.63M","0.93%"
"05/12/2026","4.304","4.399","4.405","4.304","2.09M","-2.16%"
"05/11/2026","4.399","4.440","4.440","4.399","3.55M","-0.32%"
"05/10/2026","4.413","4.410","4.450","4.397","1.55M","0.07%"
"05/07/2026","4.410","4.430","4.430","4.390","1.99M","0.46%"
"05/06/2026","4.390","4.320","4.418","4.316","1.46M","1.62%"
"05/05/2026","4.320","4.362","4.362","4.298","528.62K","-0.99%"
"05/04/2026","4.363","4.369","4.380","4.302","985.59K","1.44%"
"05/03/2026","4.301","4.292","4.369","4.280","1.21M","0.49%"
"04/30/2026","4.280","4.360","4.370","4.280","3.02M","-2.24%"
"04/29/2026","4.378","4.340","4.390","4.340","2.95M","0.88%"
"04/28/2026","4.340","4.335","4.359","4.300","1.48M","0.12%"
"04/27/2026","4.335","4.375","4.388","4.335","1.24M","-0.91%"
"04/26/2026","4.375","4.377","4.417","4.375","539.88K","-0.57%"
"04/23/2026","4.400","4.429","4.429","4.392","1.96M","0.00%"
"04/22/2026","4.400","4.421","4.421","4.336","2.67M","1.08%"
"04/21/2026","4.353","4.406","4.457","4.335","3.04M","-1.18%"
"04/20/2026","4.405","4.442","4.450","4.405","1.25M","-0.83%"
"04/19/2026","4.442","4.450","4.490","4.401","907.37K","-0.18%"
"04/16/2026","4.450","4.430","4.480","4.430","4.52M","0.56%"
"04/15/2026","4.425","4.450","4.563","4.404","5.80M","0.57%"
"04/14/2026","4.400","4.308","4.413","4.308","3.44M","2.25%"
"04/13/2026","4.303","4.270","4.389","4.270","2.87M","-0.62%"
"04/12/2026","4.330","4.375","4.400","4.220","1.98M","-2.04%"
"04/09/2026","4.420","4.450","4.460","4.382","3.56M","-0.67%"
"04/08/2026","4.450","4.380","4.519","4.379","8.56M","8.06%"
"04/07/2026","4.118","4.155","4.186","4.099","4.28M","-0.89%"
"04/06/2026","4.155","4.070","4.190","4.069","3.88M","2.09%"
"04/05/2026","4.070","4.061","4.079","4.036","609.85K","0.25%"
"04/02/2026","4.060","4.139","4.139","4.019","3.70M","-1.93%"
"04/01/2026","4.140","4.192","4.270","4.130","7.98M","-1.22%"
"03/31/2026","4.191","4.052","4.244","4.052","3.96M","3.53%"
"03/30/2026","4.048","4.050","4.070","3.802","6.57M","0.57%"
"03/29/2026","4.025","4.085","4.146","3.984","2.13M","-1.20%"
"03/26/2026","4.074","4.230","4.275","4.062","4.49M","-4.14%"
"03/25/2026","4.250","4.250","4.299","4.234","2.46M","0.95%"
"03/24/2026","4.210","4.336","4.418","4.005","6.16M","-5.39%"
"03/18/2026","4.450","4.443","4.580","4.443","5.41M","0.16%"
"03/17/2026","4.443","4.410","4.496","4.370","1.44M","0.75%"
"03/16/2026","4.410","4.398","4.450","4.344","2.55M","0.23%"
"03/15/2026","4.400","4.503","4.505","4.345","3.48M","-2.29%"
"03/12/2026","4.503","4.610","4.620","4.450","2.81M","-0.81%"
"03/11/2026","4.540","4.400","4.593","4.372","4.67M","3.13%"
"03/10/2026","4.402","4.350","4.481","4.330","6.01M","2.21%"
"03/09/2026","4.307","4.444","4.444","4.284","4.70M","-3.08%"
"03/08/2026","4.444","4.547","4.619","4.402","2.26M","-2.33%"
"03/05/2026","4.550","4.481","4.584","4.480","3.06M","1.56%"
"03/04/2026","4.480","4.520","4.625","4.480","2.17M","-0.88%"
"03/03/2026","4.520","4.500","4.650","4.500","3.52M","-1.74%"
"03/02/2026","4.600","4.930","4.930","4.583","3.62M","-6.69%"
"02/26/2026","4.930","4.974","4.985","4.860","9.31M","-0.40%"
"02/25/2026","4.950","4.939","4.970","4.930","3.04M","0.20%"
"02/24/2026","4.940","4.846","4.965","4.846","1.54M","0.82%"
"02/23/2026","4.900","4.800","4.924","4.800","3.11M","1.22%"
"02/22/2026","4.841","4.850","4.925","4.818","2.08M","-1.98%"
"02/19/2026","4.939","4.949","4.970","4.870","2.94M","-0.62%"
"02/18/2026","4.970","4.892","5.000","4.865","2.68M","2.41%"
"02/17/2026","4.853","4.880","4.909","4.849","3.28M","-0.55%"
"02/16/2026","4.880","4.845","4.900","4.828","4.81M","0.72%"
"02/15/2026","4.845","4.864","4.889","4.845","1.56M","-1.10%"
"02/12/2026","4.899","4.899","4.900","4.807","5.84M","-1.03%"
"02/11/2026","4.950","4.930","4.950","4.846","2.16M","0.34%"
"02/09/2026","4.933","4.865","4.933","4.815","2.71M","2.15%"
"02/08/2026","4.829","4.881","4.955","4.827","2.98M","-1.45%"
"02/05/2026","4.900","4.832","4.900","4.801","4.83M","1.41%"
"02/04/2026","4.832","4.810","4.871","4.804","3.77M","0.67%"
"02/03/2026","4.800","4.775","4.810","4.771","3.68M","0.04%"
"02/02/2026","4.798","4.724","4.810","4.724","2.62M","0.06%"
"02/01/2026","4.795","4.790","4.796","4.733","499.77K","-0.10%"
"01/29/2026","4.800","4.800","4.820","4.736","5.94M","-0.41%"
"01/28/2026","4.820","4.705","4.846","4.705","4.91M","1.47%"
"01/27/2026","4.750","4.675","4.772","4.669","6.67M","1.71%"
"01/26/2026","4.670","4.624","4.676","4.539","5.41M","0.99%"
"01/25/2026","4.624","4.652","4.652","4.569","4.35M","-0.62%"
"01/22/2026","4.653","4.705","4.770","4.641","6.05M","-1.06%"
"01/21/2026","4.703","4.813","4.821","4.703","5.64M","-2.53%"
"01/20/2026","4.825","4.752","4.850","4.751","2.91M","0.79%"
"01/19/2026","4.787","4.731","4.792","4.731","2.16M","1.42%"
"01/18/2026","4.720","4.720","4.804","4.720","1.63M","0.00%"
"01/15/2026","4.720","4.751","4.805","4.701","3.11M","-1.46%"
"01/14/2026","4.790","4.763","4.812","4.729","1.83M","-0.42%"
"01/13/2026","4.810","4.740","4.846","4.739","5.28M","1.48%"
"01/12/2026","4.740","4.663","4.740","4.663","3.03M","1.43%"
"01/11/2026","4.673","4.595","4.697","4.595","3.45M","1.59%"
"01/08/2026","4.600","4.629","4.629","4.583","4.03M","-0.30%"
"01/07/2026","4.614","4.640","4.640","4.582","3.99M","-0.94%"
"01/06/2026","4.658","4.680","4.700","4.619","5.12M","-0.30%"
"01/05/2026","4.672","4.479","4.672","4.458","4.95M","4.15%"
"01/04/2026","4.486","4.458","4.499","4.456","1.27M","-0.07%"
"12/31/2025","4.489","4.402","4.497","4.331","3.81M","1.70%"
"12/30/2025","4.414","4.440","4.448","4.400","1.25M","-0.59%"
"12/29/2025","4.440","4.417","4.440","4.400","837.69K","0.52%"
"12/28/2025","4.417","4.440","4.440","4.412","242.95K","-0.52%"
"12/25/2025","4.440","4.400","4.455","4.400","1.55M","0.09%"
"12/24/2025","4.436","4.427","4.476","4.382","2.30M","0.20%"
"12/23/2025","4.427","4.351","4.430","4.351","1.51M","1.17%"
"12/22/2025","4.376","4.365","4.385","4.324","2.19M","1.16%"
"12/21/2025","4.326","4.372","4.391","4.313","1.01M","-1.05%"
"12/17/2025","4.372","4.337","4.400","4.337","5.88M","0.00%"
"12/16/2025","4.372","4.440","4.440","4.365","2.13M","-1.75%"
"12/15/2025","4.450","4.475","4.475","4.424","4.33M","0.09%"
"12/14/2025","4.446","4.498","4.505","4.446","2.44M","-1.35%"
"12/11/2025","4.507","4.471","4.510","4.471","1.03M","0.45%"
"12/10/2025","4.487","4.441","4.488","4.440","1.69M","0.72%"
"12/09/2025","4.455","4.429","4.455","4.420","1.54M","0.59%"
"12/08/2025","4.429","4.455","4.459","4.406","4.99M","-0.58%"
"12/07/2025","4.455","4.474","4.474","4.455","410.10K","-0.78%"
"12/04/2025","4.490","4.500","4.528","4.457","2.16M","-0.22%"
"12/03/2025","4.500","4.477","4.500","4.453","1.41M","0.51%"
"12/02/2025","4.477","4.490","4.530","4.448","2.06M","-0.73%"
"12/01/2025","4.510","4.466","4.520","4.450","1.07M","0.99%"
"11/30/2025","4.466","4.511","4.511","4.466","968.06K","-1.04%"
"11/27/2025","4.513","4.556","4.566","4.483","2.33M","-0.59%"
"11/26/2025","4.540","4.581","4.581","4.474","3.88M","0.00%"
"11/25/2025","4.540","4.599","4.600","4.519","2.25M","-1.30%"
"11/24/2025","4.600","4.675","4.675","4.300","17.77M","-0.17%"
"11/23/2025","4.608","4.680","4.680","4.600","1.03M","-1.54%"
"11/20/2025","4.680","4.660","4.681","4.600","3.26M","0.43%"
"11/19/2025","4.660","4.626","4.698","4.606","1.72M","0.19%"
"11/18/2025","4.651","4.680","4.680","4.591","2.11M","-0.62%"
"11/17/2025","4.680","4.636","4.699","4.636","3.68M","0.95%"
"11/16/2025","4.636","4.681","4.730","4.630","2.71M","-1.57%"
"11/13/2025","4.710","4.694","4.732","4.661","10.14M","1.07%"
"11/12/2025","4.660","4.720","4.745","4.660","3.44M","-1.27%"
"11/11/2025","4.720","4.699","4.731","4.681","5.34M","0.96%"
"11/10/2025","4.675","4.690","4.701","4.660","3.88M","0.30%"
"11/09/2025","4.661","4.690","4.710","4.661","2.62M","0.02%"
"11/06/2025","4.660","4.697","4.712","4.654","3.26M","0.50%"
"11/05/2025","4.637","4.680","4.700","4.470","3.94M","-1.30%"
"11/04/2025","4.698","4.626","4.700","4.611","5.33M","1.69%"
"11/03/2025","4.620","4.480","4.620","4.450","4.27M","3.12%"
"11/02/2025","4.480","4.428","4.535","4.371","3.33M","1.17%"
"10/30/2025","4.428","4.425","4.447","4.409","3.05M","0.07%"
"10/29/2025","4.425","4.449","4.479","4.385","2.51M","-0.56%"
"10/28/2025","4.450","4.423","4.451","4.410","1.25M","0.61%"
"10/27/2025","4.423","4.432","4.495","4.423","1.32M","-1.29%"
"10/26/2025","4.481","4.443","4.485","4.443","1.60M","0.70%"
"10/23/2025","4.450","4.366","4.458","4.366","3.33M","1.92%"
"10/22/2025","4.366","4.367","4.398","4.314","2.36M","-0.02%"
"10/21/2025","4.367","4.385","4.400","4.310","3.11M","-0.41%"
"10/20/2025","4.385","4.392","4.420","4.370","1.75M","-0.50%"
"10/19/2025","4.407","4.374","4.463","4.374","1.38M","0.75%"
"10/16/2025","4.374","4.332","4.374","4.287","4.16M","1.18%"
"10/15/2025","4.323","4.459","4.480","4.323","3.30M","-2.85%"
"10/14/2025","4.450","4.520","4.534","4.450","5.02M","-1.55%"
"10/13/2025","4.520","4.460","4.527","4.460","4.69M","1.71%"
"10/12/2025","4.444","4.490","4.490","4.442","2.16M","-1.20%"
"10/09/2025","4.498","4.457","4.524","4.457","1.63M","0.92%"
"10/08/2025","4.457","4.492","4.492","4.457","1.75M","-0.78%"
"10/07/2025","4.492","4.500","4.548","4.466","2.34M","0.18%"
"10/06/2025","4.484","4.550","4.550","4.473","2.32M","-1.45%"
"10/05/2025","4.550","4.578","4.580","4.550","593.96K","-0.59%"
"10/02/2025","4.577","4.573","4.700","4.572","3.54M","0.07%"
"10/01/2025","4.574","4.576","4.622","4.570","1.68M","-0.57%"
"09/30/2025","4.600","4.560","4.630","4.527","3.22M","1.81%"
"09/29/2025","4.518","4.470","4.566","4.470","4.72M","1.16%"
"09/28/2025","4.466","4.581","4.581","4.466","5.04M","-2.53%"
"09/25/2025","4.582","4.600","4.613","4.537","4.92M","-0.39%"
"09/24/2025","4.600","4.620","4.644","4.569","2.54M","-0.50%"
"09/23/2025","4.623","4.691","4.695","4.616","2.37M","-1.64%"
"09/22/2025","4.700","4.712","4.724","4.691","2.77M","-0.51%"
"09/21/2025","4.724","4.740","4.744","4.724","789.84K","-0.32%"
"09/18/2025","4.739","4.721","4.744","4.721","2.57M","0.21%"
"09/17/2025","4.729","4.690","4.729","4.686","1.00M","0.83%"
"09/16/2025","4.690","4.712","4.739","4.685","2.99M","-0.66%"
"09/15/2025","4.721","4.725","4.734","4.720","965.88K","-0.11%"
"09/14/2025","4.726","4.727","4.772","4.722","1.21M","0.00%"
"09/11/2025","4.726","4.731","4.755","4.720","1.63M","0.00%"
"09/10/2025","4.726","4.726","4.797","4.725","1.64M","-1.60%"
"09/09/2025","4.803","4.767","4.810","4.762","1.79M","0.06%"
"09/08/2025","4.800","4.779","4.800","4.765","869.72K","0.44%"
"09/07/2025","4.779","4.779","4.806","4.711","1.70M","0.00%"
"09/04/2025","4.779","4.781","4.801","4.779","887.95K","-0.67%"
"09/03/2025","4.811","4.790","4.830","4.787","1.23M","0.44%"
"09/02/2025","4.790","4.767","4.815","4.751","1.08M","0.48%"
"09/01/2025","4.767","4.762","4.767","4.721","1.43M","0.11%"
"08/31/2025","4.762","4.730","4.776","4.711","885.66K","0.68%"
"08/28/2025","4.730","4.807","4.844","4.730","1.27M","-1.52%"
"08/27/2025","4.803","4.855","4.870","4.803","1.32M","-1.13%"
"08/26/2025","4.858","4.840","4.858","4.785","4.22M","0.37%"
"08/25/2025","4.840","4.840","4.869","4.789","1.25M","0.00%"
"08/24/2025","4.840","4.820","4.840","4.776","3.11M","0.83%"
"08/21/2025","4.800","4.742","4.804","4.717","2.26M","1.22%"
"08/20/2025","4.742","4.830","4.830","4.742","1.43M","-1.82%"
"08/19/2025","4.830","4.822","4.858","4.806","1.62M","0.17%"
"08/18/2025","4.822","4.835","4.860","4.820","650.14K","-0.58%"
"08/17/2025","4.850","4.841","4.884","4.806","565.60K","-0.39%"
"08/14/2025","4.869","4.828","4.869","4.807","3.06M","0.81%"
"08/13/2025","4.830","4.815","4.830","4.802","1.80M","0.42%"
"08/12/2025","4.810","4.828","4.828","4.801","1.68M","-0.37%"
"08/11/2025","4.828","4.820","4.828","4.811","903.88K","-0.04%"
"08/10/2025","4.830","4.814","4.830","4.814","468.26K","0.19%"
"08/07/2025","4.821","4.850","4.850","4.813","945.59K","-0.66%"
"08/06/2025","4.853","4.864","4.867","4.839","1.30M","-0.23%"
"08/05/2025","4.864","4.842","4.865","4.813","1.39M","0.45%"
"08/04/2025","4.842","4.810","4.842","4.808","1.48M","0.56%"
"08/03/2025","4.815","4.810","4.841","4.810","684.66K","0.10%"
"07/31/2025","4.810","4.818","4.869","4.792","5.19M","0.00%"
"07/30/2025","4.810","4.875","4.875","4.802","2.27M","-0.52%"
"07/29/2025","4.835","4.875","4.877","4.819","3.02M","-1.31%"
"07/28/2025","4.899","4.900","4.900","4.860","1.26M","-0.02%"
"07/27/2025","4.900","4.900","4.900","4.875","820.47K","0.00%"
"07/24/2025","4.900","4.900","4.901","4.872","1.01M","0.00%"
"07/23/2025","4.900","4.930","4.930","4.891","1.94M","-0.81%"
"07/22/2025","4.940","4.901","4.940","4.883","3.70M","0.80%"
"07/21/2025","4.901","4.891","4.910","4.870","1.52M","0.64%"
"07/20/2025","4.870","4.900","4.973","4.861","2.43M","-0.61%"
"07/17/2025","4.900","4.733","4.924","4.703","9.37M","3.55%"
"07/16/2025","4.732","4.787","4.814","4.732","3.19M","-1.15%"
"07/15/2025","4.787","4.793","4.814","4.784","3.37M","-0.06%"
"07/14/2025","4.790","4.835","4.836","4.790","3.18M","-1.38%"
"07/13/2025","4.857","4.850","4.874","4.829","2.00M","0.14%"
"07/10/2025","4.850","4.851","4.852","4.801","3.24M","-0.02%"
"07/09/2025","4.851","4.860","4.890","4.807","2.81M","-0.47%"
"07/08/2025","4.874","4.890","4.901","4.862","2.37M","-0.10%"
"07/07/2025","4.879","4.923","4.935","4.870","4.96M","-0.89%"
"07/06/2025","4.923","4.880","4.928","4.872","1.13M","0.88%"
"07/03/2025","4.880","4.873","4.910","4.856","1.64M","0.62%"
"07/02/2025","4.850","4.981","4.983","4.850","2.88M","-2.81%"
"07/01/2025","4.990","4.958","5.012","4.956","2.86M","0.60%"
"06/30/2025","4.960","4.950","4.999","4.950","2.89M","-0.74%"
"06/29/2025","4.997","5.000","5.029","4.980","1.75M","0.34%"
"06/26/2025","4.980","5.000","5.050","4.944","5.29M","-0.78%"
"06/25/2025","5.019","4.893","5.088","4.817","13.84M","3.72%"
"06/24/2025","4.839","4.809","4.910","4.797","6.08M","3.60%"
"06/23/2025","4.671","4.650","4.730","4.650","3.51M","1.54%"
"06/22/2025","4.600","4.520","4.680","4.520","3.23M","1.21%"
"06/19/2025","4.545","4.587","4.681","4.533","6.22M","-0.87%"
"06/18/2025","4.585","4.767","4.816","4.585","2.43M","-3.82%"
"06/17/2025","4.767","4.815","4.860","4.730","4.05M","-1.02%"
"06/16/2025","4.816","4.765","4.992","4.765","2.21M","1.18%"
"06/15/2025","4.760","4.800","4.861","4.585","2.18M","-4.34%"
"06/12/2025","4.976","5.090","5.090","4.972","2.89M","-2.55%"
"06/11/2025","5.106","4.948","5.150","4.948","9.29M","2.84%"
"06/10/2025","4.965","4.913","4.980","4.913","1.58M","1.06%"
"06/04/2025","4.913","4.900","4.980","4.889","5.29M","0.27%"
"06/03/2025","4.900","4.737","4.900","4.732","3.42M","3.44%"
"06/02/2025","4.737","4.775","4.839","4.715","2.88M","-0.80%"
"06/01/2025","4.775","4.849","4.849","4.775","487.81K","-0.31%"
"05/29/2025","4.790","4.830","4.870","4.787","7.66M","-0.83%"
"05/28/2025","4.830","4.871","4.903","4.824","1.65M","-1.53%"
"05/27/2025","4.905","4.910","4.929","4.885","3.78M","0.06%"
"05/26/2025","4.902","4.875","4.945","4.871","4.24M","1.07%"
"05/25/2025","4.850","4.924","4.944","4.850","1.46M","-1.48%"
"05/22/2025","4.923","4.900","4.960","4.880","6.30M","0.57%"
"05/21/2025","4.895","4.830","4.900","4.830","20.90M","1.35%"
"05/20/2025","4.830","4.790","4.867","4.783","13.04M","0.54%"
"05/19/2025","4.804","4.801","4.810","4.765","2.14M","0.31%"
"05/18/2025","4.789","4.802","4.810","4.772","820.04K","-0.44%"
"05/15/2025","4.810","4.806","4.835","4.802","3.68M","0.08%"
"05/14/2025","4.806","4.830","4.843","4.796","1.81M","-0.87%"
"05/13/2025","4.848","4.849","4.867","4.845","1.62M","-0.04%"
"05/12/2025","4.850","4.854","4.870","4.837","1.48M","-0.08%"
"05/11/2025","4.854","4.750","4.870","4.750","838.95K","-1.10%"
"05/08/2025","4.908","4.830","4.984","4.830","3.30M","1.20%"
"05/07/2025","4.850","4.800","4.850","4.792","2.71M","0.83%"
"05/06/2025","4.810","4.780","4.841","4.780","2.36M","0.63%"
"05/05/2025","4.780","4.781","4.840","4.742","3.38M","-0.08%"
"05/04/2025","4.784","4.648","4.790","4.647","2.38M","2.93%"
"05/01/2025","4.648","4.579","4.654","4.579","4.63M","1.51%"
"04/30/2025","4.579","4.608","4.609","4.565","5.20M","-0.09%"
"04/29/2025","4.583","4.674","4.677","4.583","10.34M","-2.01%"
"04/28/2025","4.677","4.606","4.677","4.547","4.93M","1.96%"
"04/27/2025","4.587","4.602","4.628","4.586","503.35K","-0.35%"
"04/24/2025","4.603","4.640","4.642","4.590","2.09M","-0.78%"
"04/23/2025","4.639","4.608","4.658","4.600","3.01M","0.80%"
"04/22/2025","4.602","4.613","4.660","4.602","730.20K","-0.35%"
"04/21/2025","4.618","4.616","4.635","4.616","589.05K","0.00%"
"04/20/2025","4.618","4.615","4.630","4.607","618.48K","0.07%"
"04/17/2025","4.615","4.600","4.633","4.568","4.45M","0.37%"
"04/16/2025","4.598","4.664","4.665","4.598","10.16M","-1.42%"
"04/15/2025","4.664","4.640","4.664","4.610","1.56M","0.17%"
"04/14/2025","4.656","4.618","4.673","4.597","3.19M","0.82%"
"04/13/2025","4.618","4.585","4.650","4.580","1.04M","-0.69%"
"04/10/2025","4.650","4.625","4.699","4.500","7.08M","1.40%"
"04/09/2025","4.586","4.586","4.647","4.501","1.87M","0.00%"
"04/08/2025","4.586","4.512","4.631","4.512","4.03M","0.90%"
"04/07/2025","4.545","4.550","4.730","4.350","10.75M","0.33%"
"04/06/2025","4.530","4.420","4.599","4.420","3.70M","-2.89%"
"03/27/2025","4.665","4.625","4.734","4.511","1.81M","0.50%"
"03/26/2025","4.642","4.685","4.714","4.610","2.59M","-1.21%"
"03/25/2025","4.699","4.725","4.738","4.644","1.48M","-0.82%"
"03/24/2025","4.738","4.720","4.798","4.700","1.26M","0.36%"
"03/23/2025","4.721","4.717","4.841","4.717","1.68M","-0.32%"
"03/20/2025","4.736","4.850","4.860","4.736","5.94M","-2.35%"
"03/19/2025","4.850","4.825","4.949","4.801","3.23M","0.62%"
"03/18/2025","4.820","4.640","4.899","4.640","10.29M","4.19%"
"03/17/2025","4.626","4.640","4.749","4.626","2.06M","-2.41%"
"03/16/2025","4.740","4.680","4.740","4.680","1.36M","0.00%"
"03/13/2025","4.740","4.649","4.740","4.640","4.03M","0.00%"
"03/12/2025","4.740","4.670","4.740","4.640","2.03M","1.50%"
"03/11/2025","4.670","4.626","4.693","4.617","3.24M","-0.64%"
"03/10/2025","4.700","4.589","4.700","4.580","4.61M","1.51%"
"03/09/2025","4.630","4.606","4.670","4.606","6.11M","-0.88%"
"03/06/2025","4.671","4.625","4.671","4.540","1.60M","0.99%"
"03/05/2025","4.625","4.530","4.697","4.512","5.61M","2.10%"
"03/04/2025","4.530","4.467","4.530","4.416","5.41M","0.69%"
"03/03/2025","4.499","4.500","4.509","4.420","5.02M","-0.02%"
"02/27/2025","4.500","4.440","4.500","4.400","13.54M","1.15%"
"02/26/2025","4.449","4.340","4.449","4.340","3.39M","0.20%"
"02/25/2025","4.440","4.480","4.482","4.382","3.73M","-0.89%"
"02/24/2025","4.480","4.412","4.480","4.412","3.55M","1.54%"
"02/23/2025","4.412","4.458","4.458","4.405","1.19M","-1.03%"
"02/20/2025","4.458","4.409","4.458","4.390","2.64M","0.97%"
"02/19/2025","4.415","4.409","4.458","4.409","3.11M","-0.96%"
"02/18/2025","4.458","4.431","4.458","4.404","2.99M","0.00%"
"02/17/2025","4.458","4.406","4.458","4.406","1.04M","-0.27%"
"02/16/2025","4.470","4.442","4.470","4.404","952.90K","0.90%"
"02/13/2025","4.430","4.390","4.441","4.390","1.14M","0.00%"
"02/12/2025","4.430","4.439","4.444","4.400","773.33K","-0.67%"
"02/10/2025","4.460","4.394","4.462","4.394","3.02M","-0.13%"
"02/09/2025","4.466","4.412","4.475","4.411","632.20K","-0.31%"
"02/06/2025","4.480","4.461","4.500","4.390","4.57M","0.43%"
"02/05/2025","4.461","4.379","4.478","4.379","9.21M","1.87%"
"02/04/2025","4.379","4.280","4.381","4.261","6.29M","2.89%"
"02/03/2025","4.256","4.340","4.369","4.256","5.72M","-1.87%"
"02/02/2025","4.337","4.309","4.337","4.270","1.97M","0.65%"
"01/30/2025","4.309","4.370","4.373","4.273","8.68M","-1.85%"
"01/29/2025","4.390","4.450","4.457","4.360","5.29M","-2.44%"
"01/28/2025","4.500","4.525","4.525","4.482","5.37M","-0.55%"
"01/27/2025","4.525","4.476","4.525","4.462","2.68M","1.00%"
"01/26/2025","4.480","4.461","4.549","4.460","1.85M","0.45%"
"01/23/2025","4.460","4.447","4.495","4.405","4.56M","0.07%"
"01/22/2025","4.457","4.450","4.493","4.402","5.49M","0.61%"
"01/21/2025","4.430","4.389","4.430","4.388","4.75M","1.49%"
"01/20/2025","4.365","4.340","4.408","4.340","2.22M","0.58%"
"01/19/2025","4.340","4.340","4.380","4.298","1.61M","-1.03%"
"01/16/2025","4.385","4.339","4.390","4.333","1.80M","0.80%"
"01/15/2025","4.350","4.360","4.423","4.282","4.63M","-1.74%"
"01/14/2025","4.427","4.157","4.427","4.157","9.13M","6.16%"
"01/13/2025","4.170","4.236","4.240","4.170","4.43M","-1.56%"
"01/12/2025","4.236","4.165","4.236","4.154","3.36M","1.70%"
"01/09/2025","4.165","4.190","4.193","4.155","3.37M","-0.60%"
"01/08/2025","4.190","4.096","4.190","4.096","6.20M","2.07%"
"01/07/2025","4.105","4.106","4.106","4.087","6.32M","-0.02%"
"01/06/2025","4.106","4.091","4.107","4.054","3.57M","0.37%"
"01/05/2025","4.091","4.140","4.140","4.090","1.49M","-1.40%"
"12/31/2024","4.149","4.104","4.149","4.084","3.28M","1.10%"
"12/30/2024","4.104","4.090","4.129","4.090","2.38M","-0.10%"
"12/29/2024","4.108","4.056","4.119","4.047","2.38M","1.28%"
"12/26/2024","4.056","4.041","4.070","4.000","4.77M","0.40%"
"12/25/2024","4.040","4.080","4.118","4.001","7.97M","-1.46%"
"12/24/2024","4.100","4.170","4.177","4.073","8.93M","-1.68%"
"12/23/2024","4.170","4.168","4.192","4.155","2.45M","0.00%"
"12/22/2024","4.170","4.121","4.199","4.121","2.20M","1.44%"
"12/17/2024","4.111","4.185","4.209","4.111","3.67M","-2.26%"
"12/16/2024","4.206","4.203","4.214","4.193","2.32M","-0.31%"
"12/15/2024","4.219","4.218","4.220","4.193","1.24M","0.81%"
"12/12/2024","4.185","4.201","4.219","4.185","1.76M","-0.38%"
"12/11/2024","4.201","4.200","4.218","4.188","2.06M","0.14%"
"12/10/2024","4.195","4.185","4.203","4.184","2.09M","0.24%"
"12/09/2024","4.185","4.181","4.215","4.181","2.71M","-0.71%"
"12/08/2024","4.215","4.147","4.215","4.145","1.42M","1.08%"
"12/05/2024","4.170","4.146","4.170","4.110","1.09M","1.21%"
"12/04/2024","4.120","4.167","4.184","4.120","1.10M","-1.58%"
"12/03/2024","4.186","4.180","4.187","4.142","1.60M","0.14%"
"12/02/2024","4.180","4.188","4.192","4.170","505.88K","-0.19%"
"12/01/2024","4.188","4.172","4.209","4.172","1.36M","0.38%"
"11/28/2024","4.172","4.173","4.199","4.150","2.01M","0.02%"
"11/27/2024","4.171","4.193","4.225","4.171","1.43M","-0.95%"
"11/26/2024","4.211","4.195","4.219","4.192","1.24M","-0.21%"
"11/25/2024","4.220","4.235","4.235","4.190","8.57M","-0.14%"
"11/24/2024","4.226","4.210","4.233","4.202","803.98K","0.38%"
"11/21/2024","4.210","4.201","4.232","4.200","2.38M","-0.09%"
"11/20/2024","4.214","4.200","4.217","4.192","2.14M","0.33%"
"11/19/2024","4.200","4.200","4.211","4.192","1.95M","-0.28%"
"11/18/2024","4.212","4.199","4.228","4.185","1.60M","0.31%"
"11/17/2024","4.199","4.211","4.230","4.185","2.77M","-0.73%"
"11/14/2024","4.230","4.245","4.246","4.200","2.42M","0.24%"
"11/13/2024","4.220","4.250","4.251","4.209","3.90M","-0.71%"
"11/12/2024","4.250","4.302","4.302","4.247","3.59M","-0.79%"
"11/11/2024","4.284","4.284","4.340","4.282","2.49M","-1.06%"
"11/10/2024","4.330","4.280","4.330","4.280","2.63M","1.19%"
"11/05/2024","4.279","4.219","4.279","4.218","2.72M","1.47%"
"11/04/2024","4.217","4.252","4.252","4.215","3.97M","-0.82%"
"11/03/2024","4.252","4.253","4.270","4.240","841.38K","-0.65%"
"10/31/2024","4.280","4.218","4.280","4.218","2.44M","1.11%"
"10/30/2024","4.233","4.300","4.300","4.233","1.56M","-1.56%"
"10/29/2024","4.300","4.295","4.320","4.290","2.53M","0.23%"
"10/28/2024","4.290","4.317","4.320","4.280","1.71M","-0.63%"
"10/27/2024","4.317","4.289","4.369","4.250","1.57M","0.65%"
"10/24/2024","4.289","4.280","4.289","4.250","1.79M","-0.02%"
"10/23/2024","4.290","4.285","4.313","4.251","1.51M","0.12%"
"10/22/2024","4.285","4.300","4.317","4.285","2.11M","-0.72%"
"10/21/2024","4.316","4.330","4.367","4.300","1.81M","-0.32%"
"10/20/2024","4.330","4.361","4.400","4.330","2.50M","-1.77%"
"10/17/2024","4.408","4.420","4.433","4.360","2.57M","-0.27%"
"10/16/2024","4.420","4.435","4.437","4.381","2.80M","0.02%"
"10/15/2024","4.419","4.320","4.419","4.320","7.13M","2.32%"
"10/14/2024","4.319","4.319","4.348","4.312","2.30M","0.00%"
"10/13/2024","4.319","4.310","4.348","4.303","532.01K","0.21%"
"10/10/2024","4.310","4.310","4.349","4.301","1.88M","0.07%"
"10/09/2024","4.307","4.355","4.369","4.300","1.66M","-0.87%"
"10/08/2024","4.345","4.273","4.345","4.227","3.16M","1.68%"
"10/07/2024","4.273","4.185","4.277","4.185","2.83M","0.54%"
"10/06/2024","4.250","4.261","4.304","4.171","3.25M","0.00%"
"10/03/2024","4.250","4.329","4.345","4.250","3.21M","-1.62%"
"10/02/2024","4.320","4.300","4.360","4.296","2.47M","-0.28%"
"10/01/2024","4.332","4.350","4.378","4.326","3.22M","-0.41%"
"09/30/2024","4.350","4.406","4.415","4.350","3.14M","-1.25%"
"09/29/2024","4.405","4.399","4.420","4.399","1.45M","0.14%"
"09/26/2024","4.399","4.383","4.399","4.383","3.50M","0.37%"
"09/25/2024","4.383","4.333","4.383","4.324","3.57M","0.76%"
"09/24/2024","4.350","4.325","4.350","4.321","2.74M","0.00%"
"09/23/2024","4.350","4.321","4.353","4.320","3.09M","0.67%"
"09/22/2024","4.321","4.403","4.403","4.305","3.49M","-1.12%"
"09/19/2024","4.370","4.391","4.408","4.357","5.21M","-0.50%"
"09/18/2024","4.392","4.366","4.392","4.341","2.30M","0.60%"
"09/17/2024","4.366","4.390","4.411","4.365","2.59M","-0.41%"
"09/16/2024","4.384","4.405","4.424","4.382","2.39M","-0.50%"
"09/15/2024","4.406","4.410","4.429","4.406","2.99M","0.05%"
"09/12/2024","4.404","4.394","4.413","4.368","3.31M","0.89%"
"09/11/2024","4.365","4.450","4.450","4.365","4.47M","-2.26%"
"09/10/2024","4.466","4.422","4.484","4.422","5.72M","0.59%"
"09/09/2024","4.440","4.420","4.457","4.420","2.43M","0.45%"
"09/08/2024","4.420","4.437","4.460","4.420","2.37M","-0.45%"
"09/05/2024","4.440","4.482","4.515","4.440","3.63M","-1.33%"
"09/04/2024","4.500","4.520","4.531","4.480","1.63M","-0.57%"
"09/03/2024","4.526","4.500","4.540","4.499","2.77M","0.35%"
"09/02/2024","4.510","4.480","4.539","4.480","2.71M","0.24%"
"09/01/2024","4.499","4.493","4.499","4.458","2.65M","0.09%"
"08/29/2024","4.495","4.470","4.495","4.432","5.25M","0.56%"
"08/28/2024","4.470","4.460","4.478","4.430","2.28M","0.22%"
"08/27/2024","4.460","4.490","4.499","4.452","2.84M","-0.67%"
"08/26/2024","4.490","4.436","4.490","4.430","2.18M","1.24%"
"08/25/2024","4.435","4.489","4.489","4.418","2.02M","-1.22%"
"08/22/2024","4.490","4.479","4.496","4.431","2.50M","1.58%"
"08/21/2024","4.420","4.464","4.490","4.420","1.79M","-1.56%"
"08/20/2024","4.490","4.469","4.499","4.458","1.36M","-0.20%"
"08/19/2024","4.499","4.450","4.499","4.433","1.76M","1.12%"
"08/18/2024","4.449","4.440","4.470","4.440","878.98K","0.20%"
"08/15/2024","4.440","4.300","4.450","4.300","3.57M","3.16%"
"08/14/2024","4.304","4.310","4.335","4.302","2.17M","-0.92%"
"08/13/2024","4.344","4.390","4.391","4.310","2.36M","-1.07%"
"08/12/2024","4.391","4.408","4.425","4.388","2.09M","-0.84%"
"08/11/2024","4.428","4.405","4.450","4.405","475.11K","-0.16%"
"08/08/2024","4.435","4.475","4.475","4.406","2.10M","-0.89%"
"08/07/2024","4.475","4.489","4.519","4.450","3.75M","-0.38%"
"08/06/2024","4.492","4.500","4.500","4.441","2.59M","-0.18%"
"08/05/2024","4.500","4.411","4.500","4.321","5.22M","0.02%"
"08/04/2024","4.499","4.488","4.499","4.411","1.26M","0.25%"
"08/01/2024","4.488","4.541","4.541","4.475","2.16M","-0.27%"
"07/31/2024","4.500","4.540","4.579","4.500","6.34M","-1.10%"
"07/30/2024","4.550","4.550","4.592","4.545","1.61M","-0.04%"
"07/29/2024","4.552","4.509","4.568","4.509","2.41M","0.26%"
"07/28/2024","4.540","4.512","4.552","4.493","2.22M","0.62%"
"07/25/2024","4.512","4.540","4.550","4.430","2.80M","-0.62%"
"07/24/2024","4.540","4.566","4.566","4.502","2.24M","-0.29%"
"07/23/2024","4.553","4.551","4.585","4.521","1.78M","0.07%"
"07/22/2024","4.550","4.452","4.555","4.425","2.84M","2.50%"
"07/21/2024","4.439","4.514","4.560","4.439","2.35M","-2.70%"
"07/18/2024","4.562","4.616","4.634","4.552","2.16M","-1.23%"
"07/17/2024","4.619","4.617","4.648","4.610","3.63M","-0.62%"
"07/16/2024","4.648","4.620","4.653","4.620","1.15M","0.06%"
"07/15/2024","4.645","4.655","4.655","4.601","3.71M","-0.21%"
"07/14/2024","4.655","4.641","4.660","4.631","1.04M","-0.11%"
"07/11/2024","4.660","4.650","4.680","4.635","2.33M","0.22%"
"07/10/2024","4.650","4.660","4.686","4.634","2.96M","-0.19%"
"07/09/2024","4.659","4.659","4.668","4.600","3.83M","-0.02%"
"07/08/2024","4.660","4.600","4.660","4.586","3.15M","1.19%"
"07/07/2024","4.605","4.622","4.638","4.600","769.20K","-0.32%"
"07/04/2024","4.620","4.630","4.649","4.594","2.16M","-0.54%"
"07/03/2024","4.645","4.590","4.652","4.590","1.67M","0.11%"
"07/02/2024","4.640","4.620","4.650","4.553","3.74M","0.43%"
"07/01/2024","4.620","4.642","4.679","4.610","3.68M","-0.47%"
"06/30/2024","4.642","4.682","4.794","4.641","3.34M","-0.85%"
"06/27/2024","4.682","4.520","4.682","4.520","4.49M","3.70%"
"06/26/2024","4.515","4.499","4.550","4.487","5.65M","0.36%"
"06/25/2024","4.499","4.489","4.574","4.472","3.07M","0.65%"
"06/24/2024","4.470","4.322","4.470","4.316","2.94M","3.57%"
"06/23/2024","4.316","4.344","4.383","4.313","1.73M","-0.55%"
"06/20/2024","4.340","4.430","4.467","4.340","6.73M","-1.36%"
"06/19/2024","4.400","4.535","4.600","4.400","6.53M","-2.91%"
"06/13/2024","4.532","4.400","4.544","4.371","5.96M","3.00%"
"06/12/2024","4.400","4.366","4.437","4.331","5.44M","-0.45%"
"06/11/2024","4.420","4.350","4.433","4.350","1.80M","0.16%"
"06/10/2024","4.413","4.400","4.450","4.313","3.06M","0.30%"
"06/09/2024","4.400","4.265","4.437","4.265","3.33M","2.35%"
"06/06/2024","4.299","4.280","4.299","4.230","4.50M","0.44%"
"06/05/2024","4.280","4.240","4.292","4.199","2.57M","0.71%"
"06/04/2024","4.250","4.170","4.250","4.170","2.52M","2.16%"
"06/03/2024","4.160","4.149","4.162","4.041","3.59M","0.24%"
"06/02/2024","4.150","4.100","4.150","4.000","3.73M","4.75%"
"05/30/2024","3.962","4.006","4.099","3.962","30.86M","-2.41%"
"05/29/2024","4.060","4.072","4.120","3.974","4.31M","-0.25%"
"05/28/2024","4.070","4.074","4.149","4.063","4.82M","0.00%"
"05/27/2024","4.070","4.017","4.149","4.017","5.50M","-0.10%"
"05/26/2024","4.074","4.076","4.178","4.020","3.74M","-0.83%"
"05/23/2024","4.108","4.208","4.240","4.088","5.74M","-2.52%"
"05/22/2024","4.214","4.221","4.250","4.214","3.23M","-0.19%"
"05/21/2024","4.222","4.213","4.223","4.197","2.35M","0.17%"
"05/20/2024","4.215","4.215","4.254","4.210","1.93M","0.00%"
"05/19/2024","4.215","4.166","4.240","4.166","2.11M","1.18%"
"05/16/2024","4.166","4.201","4.245","4.134","3.84M","-0.81%"
"05/15/2024","4.200","4.020","4.200","4.020","7.42M","4.74%"
"05/14/2024","4.010","4.030","4.081","4.000","3.79M","-0.50%"
"05/13/2024","4.030","4.082","4.082","3.960","4.81M","-1.47%"
"05/12/2024","4.090","4.129","4.129","4.006","3.93M","-0.94%"
"05/09/2024","4.129","4.009","4.160","4.000","14.02M","4.53%"
"05/08/2024","3.950","3.923","3.963","3.920","4.01M","0.00%"
"05/07/2024","3.950","3.970","3.970","3.912","3.32M","-0.25%"
"05/06/2024","3.960","3.965","3.993","3.941","1.97M","-0.13%"
"05/05/2024","3.965","3.920","3.990","3.920","2.63M","0.63%"
"05/02/2024","3.940","3.930","3.999","3.924","5.85M","-0.56%"
"05/01/2024","3.962","3.999","4.000","3.926","2.13M","-0.93%"
"04/30/2024","3.999","3.965","3.999","3.925","4.17M","0.98%"
"04/29/2024","3.960","3.890","3.965","3.875","3.61M","2.43%"
"04/28/2024","3.866","3.840","3.866","3.815","1.58M","0.68%"
"04/25/2024","3.840","3.801","3.844","3.800","2.95M","1.05%"
"04/24/2024","3.800","3.900","3.928","3.800","2.97M","-3.06%"
"04/23/2024","3.920","3.970","3.977","3.910","4.00M","0.00%"
"04/22/2024","3.920","3.989","4.000","3.900","5.07M","-1.38%"
"04/21/2024","3.975","3.934","3.985","3.934","1.36M","0.63%"
"04/18/2024","3.950","3.920","3.970","3.920","5.80M","0.77%"
"04/17/2024","3.920","3.900","3.942","3.857","1.96M","0.46%"
"04/16/2024","3.902","3.984","3.984","3.902","1.47M","-2.08%"
"04/15/2024","3.985","3.850","3.985","3.850","13.02M","3.51%"
"04/14/2024","3.850","3.788","3.850","3.765","3.46M","-0.26%"
"04/08/2024","3.860","3.806","3.860","3.806","2.33M","0.03%"
"04/07/2024","3.859","3.788","3.859","3.786","3.64M","1.87%"
"04/04/2024","3.788","3.830","3.848","3.759","14.16M","-1.10%"
"04/03/2024","3.830","3.859","3.891","3.785","5.96M","-1.14%"
"04/02/2024","3.874","3.990","3.990","3.874","3.69M","-1.87%"
"04/01/2024","3.948","3.970","3.990","3.852","5.17M","-0.55%"
"03/31/2024","3.970","3.980","3.996","3.953","1.85M","-0.33%"
"03/28/2024","3.983","3.979","4.014","3.973","2.16M","-0.33%"
"03/27/2024","3.996","4.020","4.044","3.990","1.73M","-0.35%"
"03/26/2024","4.010","4.090","4.090","4.010","2.84M","-1.45%"
"03/25/2024","4.069","4.130","4.172","4.041","3.43M","-1.48%"
"03/24/2024","4.130","4.100","4.164","4.064","2.20M","0.71%"
"03/21/2024","4.101","4.135","4.145","4.097","5.44M","-1.42%"
"03/20/2024","4.160","4.250","4.250","4.122","4.95M","-2.78%"
"03/19/2024","4.279","4.309","4.315","4.233","2.80M","-0.72%"
"03/18/2024","4.310","4.190","4.325","4.188","3.38M","2.86%"
"03/17/2024","4.190","4.150","4.193","4.096","3.65M","0.96%"
"03/14/2024","4.150","4.030","4.150","4.030","8.46M","2.98%"
"03/13/2024","4.030","4.003","4.145","4.003","6.13M","0.00%"
"03/12/2024","4.030","3.989","4.040","3.951","5.11M","1.03%"
"03/11/2024","3.989","4.000","4.000","3.950","4.13M","-0.30%"
"03/10/2024","4.001","3.991","4.009","3.984","879.67K","0.98%"
"03/07/2024","3.962","4.020","4.026","3.947","2.41M","-1.44%"
"03/06/2024","4.020","4.050","4.050","4.000","3.90M","-0.12%"
"03/05/2024","4.025","3.950","4.050","3.912","6.65M","1.44%"
"03/04/2024","3.968","4.002","4.096","3.953","4.87M","-0.80%"
"02/29/2024","4.000","4.040","4.083","4.000","7.77M","-1.11%"
"02/28/2024","4.045","4.080","4.080","4.015","8.71M","-0.86%"
"02/27/2024","4.080","4.080","4.132","4.021","14.36M","-4.00%"
"02/26/2024","4.250","4.307","4.430","4.204","9.22M","-1.32%"
"02/25/2024","4.307","4.017","4.433","4.017","14.54M","6.87%"
"02/22/2024","4.030","4.003","4.049","4.003","3.53M","0.67%"
"02/21/2024","4.003","3.952","4.045","3.952","10.89M","0.60%"
"02/20/2024","3.979","3.979","3.989","3.923","5.53M","0.73%"
"02/19/2024","3.950","3.938","3.967","3.918","3.15M","0.25%"
"02/18/2024","3.940","3.950","3.950","3.940","706.54K","-0.25%"
"02/15/2024","3.950","3.920","3.950","3.904","5.64M","0.64%"
"02/14/2024","3.925","3.968","3.983","3.904","8.81M","-1.08%"
"02/12/2024","3.968","4.029","4.029","3.860","52.14M","8.33%"
"02/11/2024","3.663","3.663","3.663","3.663","2.80M","10.00%"
"02/08/2024","3.330","3.341","3.370","3.320","8.59M","-0.21%"
"02/07/2024","3.337","3.350","3.370","3.317","3.16M","-0.39%"
"02/06/2024","3.350","3.430","3.433","3.346","5.99M","-2.42%"
"02/05/2024","3.433","3.431","3.433","3.350","5.78M","0.00%"
"02/04/2024","3.433","3.415","3.465","3.415","2.17M","0.09%"
"02/01/2024","3.430","3.435","3.474","3.430","1.52M","-1.15%"
"01/31/2024","3.470","3.527","3.589","3.448","10.59M","-0.86%"
"01/30/2024","3.500","3.561","3.604","3.500","14.16M","-0.71%"
"01/29/2024","3.525","3.612","3.669","3.525","5.27M","-2.30%"
"01/28/2024","3.608","3.653","3.664","3.608","4.74M","-1.34%"
"01/25/2024","3.657","3.696","3.700","3.656","4.28M","-1.19%"
"01/24/2024","3.701","3.695","3.713","3.693","5.13M","0.16%"
"01/23/2024","3.695","3.690","3.715","3.679","5.34M","0.11%"
"01/22/2024","3.691","3.627","3.721","3.627","8.73M","1.91%"
"01/21/2024","3.622","3.610","3.670","3.605","4.12M","0.58%"
"01/18/2024","3.601","3.623","3.634","3.600","6.01M","-0.52%"
"01/17/2024","3.620","3.656","3.670","3.607","3.88M","-0.82%"
"01/16/2024","3.650","3.670","3.689","3.650","4.56M","-0.71%"
"01/15/2024","3.676","3.668","3.682","3.635","2.34M","0.44%"
"01/14/2024","3.660","3.607","3.690","3.605","4.77M","1.39%"
"01/11/2024","3.610","3.619","3.628","3.600","12.69M","0.00%"
"01/10/2024","3.610","3.504","3.620","3.503","6.48M","2.76%"
"01/09/2024","3.513","3.535","3.535","3.495","1.77M","-0.62%"
"01/08/2024","3.535","3.488","3.535","3.486","5.49M","1.29%"
"01/07/2024","3.490","3.468","3.499","3.467","2.35M","0.58%"
"01/04/2024","3.470","3.491","3.510","3.420","6.07M","-0.57%"
"01/03/2024","3.490","3.530","3.530","3.426","5.18M","-1.16%"
"01/02/2024","3.531","3.500","3.534","3.495","3.82M","0.31%"
"12/31/2023","3.520","3.461","3.525","3.461","12.29M","1.73%"
"12/28/2023","3.460","3.430","3.469","3.425","22.81M","0.73%"
"12/27/2023","3.435","3.378","3.453","3.375","20.93M","1.69%"
"12/26/2023","3.378","3.390","3.391","3.370","4.19M","-0.30%"
"12/25/2023","3.388","3.383","3.410","3.383","6.48M","0.18%"
"12/24/2023","3.382","3.390","3.391","3.379","6.15M","-0.24%"
"12/21/2023","3.390","3.300","3.410","3.298","10.66M","2.73%"
"12/20/2023","3.300","3.240","3.300","3.221","6.40M","2.10%"
"12/19/2023","3.232","3.265","3.268","3.221","13.86M","1.00%"
"12/14/2023","3.200","3.285","3.286","3.200","26.43M","-1.27%"
"12/13/2023","3.241","3.250","3.269","3.217","5.50M","0.03%"
"12/12/2023","3.240","3.261","3.278","3.218","12.17M","-0.83%"
"12/11/2023","3.267","3.229","3.272","3.211","6.34M","1.15%"
"12/10/2023","3.230","3.242","3.243","3.211","3.13M","-0.43%"
"12/07/2023","3.244","3.278","3.323","3.236","3.12M","-1.19%"
"12/06/2023","3.283","3.317","3.326","3.262","4.83M","-1.03%"
"12/05/2023","3.317","3.342","3.347","3.314","3.43M","-0.72%"
"12/04/2023","3.341","3.325","3.374","3.322","14.30M","0.57%"
"12/03/2023","3.322","3.288","3.331","3.275","5.53M","2.53%"
"11/30/2023","3.240","3.200","3.294","3.200","11.32M","1.25%"
"11/29/2023","3.200","3.232","3.240","3.071","7.54M","-0.99%"
"11/28/2023","3.232","3.256","3.256","3.232","4.16M","-0.62%"
"11/27/2023","3.252","3.282","3.300","3.241","6.14M","-0.97%"
"11/26/2023","3.284","3.266","3.300","3.260","2.78M","0.67%"
"11/23/2023","3.262","3.300","3.300","3.230","7.31M","-1.15%"
"11/22/2023","3.300","3.292","3.320","3.289","8.05M","0.21%"
"11/21/2023","3.293","3.348","3.349","3.281","6.57M","-1.70%"
"11/20/2023","3.350","3.383","3.389","3.344","2.17M","-0.74%"
"11/19/2023","3.375","3.395","3.398","3.375","2.48M","-0.44%"
"11/16/2023","3.390","3.379","3.446","3.061","8.56M","0.00%"
"11/15/2023","3.390","3.392","3.415","3.366","6.34M","0.00%"
"11/14/2023","3.390","3.431","3.431","3.363","7.68M","-1.19%"
"11/13/2023","3.431","3.441","3.443","3.429","1.29M","-0.20%"
"11/12/2023","3.438","3.427","3.448","3.427","1.45M","-0.55%"
"11/09/2023","3.457","3.505","3.506","3.413","8.37M","-1.73%"
"11/08/2023","3.518","3.530","3.530","3.505","3.66M","-0.34%"
"11/07/2023","3.530","3.527","3.552","3.524","4.29M","-0.25%"
"11/06/2023","3.539","3.531","3.552","3.491","7.08M","0.54%"
"11/05/2023","3.520","3.538","3.580","3.504","11.19M","-0.28%"
"11/02/2023","3.530","3.490","3.536","3.488","3.35M","1.03%"
"11/01/2023","3.494","3.497","3.501","3.494","1.75M","-0.74%"
"10/31/2023","3.520","3.494","3.583","3.494","5.60M","0.57%"
"10/30/2023","3.500","3.386","3.533","3.376","4.27M","3.37%"
"10/29/2023","3.386","3.352","3.403","3.349","3.49M","1.07%"
"10/26/2023","3.350","3.434","3.449","3.330","4.57M","-2.53%"
"10/25/2023","3.437","3.376","3.442","3.376","3.19M","1.09%"
"10/24/2023","3.400","3.430","3.433","3.313","4.38M","-0.87%"
"10/23/2023","3.430","3.401","3.450","3.401","2.32M","0.88%"
"10/22/2023","3.400","3.361","3.420","3.325","5.69M","1.16%"
"10/19/2023","3.361","3.500","3.500","3.361","8.40M","-3.97%"
"10/18/2023","3.500","3.602","3.608","3.500","5.44M","-2.83%"
"10/17/2023","3.602","3.644","3.680","3.600","4.80M","-1.04%"
"10/16/2023","3.640","3.651","3.693","3.638","5.98M","0.28%"
"10/15/2023","3.630","3.632","3.647","3.628","1.90M","-0.52%"
"10/12/2023","3.649","3.622","3.649","3.600","4.22M","0.72%"
"10/11/2023","3.623","3.607","3.626","3.607","3.55M","0.50%"
"10/10/2023","3.605","3.673","3.687","3.600","5.41M","-1.96%"
"10/09/2023","3.677","3.679","3.685","3.670","4.07M","-0.08%"
"10/08/2023","3.680","3.723","3.723","3.676","1.14M","-0.81%"
"10/05/2023","3.710","3.810","3.810","3.710","2.67M","-2.68%"
"10/04/2023","3.812","3.844","3.850","3.808","2.85M","-0.99%"
"10/03/2023","3.850","3.744","3.890","3.740","5.19M","2.83%"
"10/02/2023","3.744","3.726","3.757","3.726","2.15M","0.48%"
"10/01/2023","3.726","3.720","3.735","3.720","1.63M","0.16%"
"09/28/2023","3.720","3.789","3.789","3.714","2.42M","0.00%"
"09/27/2023","3.720","3.750","3.789","3.720","2.43M","-0.27%"
"09/26/2023","3.730","3.710","3.730","3.670","7.25M","1.14%"
"09/25/2023","3.688","3.670","3.720","3.670","6.81M","0.33%"
"09/24/2023","3.676","3.720","3.721","3.670","2.16M","-1.18%"
"09/21/2023","3.720","3.800","3.800","3.720","2.45M","-1.27%"
"09/20/2023","3.768","3.800","3.800","3.767","4.82M","-0.05%"
"09/19/2023","3.770","3.797","3.809","3.767","1.30M","-0.79%"
"09/18/2023","3.800","3.841","3.844","3.800","1.12M","-1.04%"
"09/17/2023","3.840","3.852","3.854","3.838","1.21M","-0.78%"
"09/14/2023","3.870","3.783","3.870","3.780","8.54M","2.14%"
"09/13/2023","3.789","3.759","3.795","3.759","3.75M","1.04%"
"09/12/2023","3.750","3.752","3.795","3.750","3.67M","-0.21%"
"09/11/2023","3.758","3.750","3.761","3.750","4.48M","0.21%"
"09/10/2023","3.750","3.750","3.759","3.740","1.39M","0.75%"
"09/07/2023","3.722","3.731","3.799","3.714","5.70M","0.59%"
"09/06/2023","3.700","3.597","3.740","3.589","5.96M","3.93%"
"09/05/2023","3.560","3.679","3.689","3.560","2.59M","-3.29%"
"09/04/2023","3.681","3.691","3.704","3.680","3.57M","-0.27%"
"09/03/2023","3.691","3.710","3.717","3.690","3.82M","-0.43%"
"08/31/2023","3.707","3.713","3.714","3.706","9.04M","-0.16%"
"08/30/2023","3.713","3.701","3.725","3.701","3.29M","-0.46%"
"08/29/2023","3.730","3.725","3.730","3.354","4.22M","0.11%"
"08/28/2023","3.726","3.764","3.764","3.725","2.33M","-0.90%"
"08/27/2023","3.760","3.720","3.783","3.720","1.46M","0.80%"
"08/24/2023","3.730","3.799","3.799","3.730","3.90M","-0.53%"
"08/23/2023","3.750","3.801","3.824","3.750","2.94M","-1.32%"
"08/22/2023","3.800","3.794","3.819","3.787","4.97M","0.05%"
"08/21/2023","3.798","3.839","3.839","3.793","4.23M","-0.05%"
"08/20/2023","3.800","3.825","3.852","3.788","2.29M","-0.65%"
"08/17/2023","3.825","3.831","3.870","3.825","2.63M","-0.18%"
"08/16/2023","3.832","3.832","3.882","3.826","3.19M","-0.21%"
"08/15/2023","3.840","3.840","3.884","3.808","2.95M","-0.03%"
"08/14/2023","3.841","3.874","3.889","3.840","2.73M","-0.83%"
"08/13/2023","3.873","3.913","3.938","3.870","3.53M","-1.17%"
"08/10/2023","3.919","3.930","3.965","3.918","2.18M","-0.28%"
"08/09/2023","3.930","3.984","3.984","3.930","3.04M","-0.25%"
"08/08/2023","3.940","3.944","3.971","3.930","3.31M","-0.20%"
"08/07/2023","3.948","3.974","4.000","3.919","3.55M","0.18%"
"08/06/2023","3.941","3.980","4.009","3.941","2.20M","-1.10%"
"08/03/2023","3.985","4.120","4.140","3.983","10.06M","-3.37%"
"08/02/2023","4.124","4.170","4.170","4.123","1.68M","-1.10%"
"08/01/2023","4.170","4.228","4.228","4.156","4.22M","-1.07%"
"07/31/2023","4.215","4.192","4.220","4.188","3.91M","0.36%"
"07/30/2023","4.200","4.205","4.228","4.200","1.00M","-0.47%"
"07/27/2023","4.220","4.211","4.230","4.190","3.41M","-0.24%"
"07/26/2023","4.230","4.201","4.289","4.201","9.98M","0.71%"
"07/25/2023","4.200","4.225","4.250","4.200","3.62M","-1.15%"
"07/24/2023","4.249","4.210","4.254","4.197","2.28M","0.78%"
"07/23/2023","4.216","4.190","4.238","4.190","2.18M","-0.40%"
"07/20/2023","4.233","4.183","4.237","4.183","1.80M","1.03%"
"07/19/2023","4.190","4.240","4.240","4.190","1.91M","-0.95%"
"07/18/2023","4.230","4.209","4.255","4.209","1.86M","-0.24%"
"07/17/2023","4.240","4.214","4.240","4.184","3.04M","0.09%"
"07/16/2023","4.236","4.190","4.246","4.190","1.53M","1.00%"
"07/13/2023","4.194","4.200","4.241","4.192","1.47M","-1.32%"
"07/12/2023","4.250","4.132","4.250","4.132","5.38M","1.94%"
"07/11/2023","4.169","4.121","4.223","4.121","2.23M","1.16%"
"07/10/2023","4.121","4.134","4.204","4.121","4.46M","-1.15%"
"07/09/2023","4.169","4.166","4.249","4.165","1.41M","0.39%"
"07/06/2023","4.153","4.241","4.280","4.153","5.08M","-2.97%"
"07/05/2023","4.280","4.285","4.285","4.224","2.31M","-0.23%"
"07/04/2023","4.290","4.235","4.297","4.235","3.22M","0.35%"
"07/03/2023","4.275","4.230","4.299","4.216","4.42M","0.94%"
"07/02/2023","4.235","4.067","4.300","4.066","1.79M","4.13%"
"06/26/2023","4.067","4.100","4.238","3.995","6.17M","-2.02%"
"06/25/2023","4.151","4.162","4.250","4.059","2.01M","-1.28%"
"06/22/2023","4.205","4.150","4.207","4.150","2.17M","-0.36%"
"06/21/2023","4.220","4.099","4.290","4.058","3.82M","2.95%"
"06/20/2023","4.099","3.980","4.099","3.980","2.55M","2.73%"
"06/19/2023","3.990","3.942","4.049","3.937","9.16M","0.00%"
"06/18/2023","3.990","4.000","4.010","3.990","5.07M","-0.99%"
"06/15/2023","4.030","3.990","4.067","3.934","13.31M","1.00%"
"06/14/2023","3.990","3.851","4.086","3.851","3.09M","0.13%"
"06/13/2023","3.985","3.955","3.985","3.925","7.42M","1.92%"
"06/12/2023","3.910","3.967","3.970","3.900","7.45M","-1.54%"
"06/11/2023","3.971","4.030","4.030","3.961","983.50K","-0.73%"
"06/08/2023","4.000","3.990","4.011","3.700","2.62M","0.25%"
"06/07/2023","3.990","3.970","4.029","3.970","1.48M","0.13%"
"06/06/2023","3.985","4.021","4.021","3.985","1.72M","-1.17%"
"06/05/2023","4.032","4.000","4.032","3.999","3.26M","0.80%"
"06/04/2023","4.000","3.962","4.000","3.962","2.87M","0.25%"
"06/01/2023","3.990","3.950","4.003","3.944","3.83M","1.01%"
"05/31/2023","3.950","4.001","4.016","3.950","17.47M","-0.73%"
"05/30/2023","3.979","3.980","4.011","3.979","2.97M","-0.03%"
"05/29/2023","3.980","3.983","4.000","3.977","2.88M","-0.08%"
"05/28/2023","3.983","4.000","4.002","3.980","3.02M","-0.42%"
"05/25/2023","4.000","4.005","4.041","3.991","3.96M","-0.74%"
"05/24/2023","4.030","3.977","4.030","3.966","5.00M","1.97%"
"05/23/2023","3.952","3.960","4.000","3.952","3.45M","-0.20%"
"05/22/2023","3.960","3.940","4.001","3.936","3.86M","0.61%"
"05/21/2023","3.936","3.948","3.955","3.857","1.67M","-0.35%"
"05/18/2023","3.950","3.961","3.972","3.932","2.89M","-0.28%"
"05/17/2023","3.961","3.890","3.970","3.890","4.26M","1.83%"
"05/16/2023","3.890","3.960","3.973","3.862","2.61M","-2.75%"
"05/15/2023","4.000","4.000","4.005","3.960","7.71M","0.00%"
"05/14/2023","4.000","4.110","4.150","3.970","6.96M","-2.68%"
"05/11/2023","4.110","4.012","4.110","4.012","2.70M","2.49%"
"05/10/2023","4.010","4.100","4.100","4.000","1.59M","-2.20%"
"05/09/2023","4.100","4.000","4.100","3.979","4.79M","1.99%"
"05/08/2023","4.020","3.999","4.020","3.985","6.92M","0.50%"
"05/07/2023","4.000","4.000","4.022","3.990","5.07M","0.00%"
"05/04/2023","4.000","3.975","4.009","3.969","10.16M","0.76%"
"05/03/2023","3.970","3.899","3.983","3.899","3.74M","1.02%"
"05/02/2023","3.930","3.850","3.930","3.838","4.25M","0.85%"
"05/01/2023","3.897","3.916","3.916","3.870","2.32M","-1.02%"
"04/30/2023","3.937","3.960","3.988","3.911","1.76M","-0.58%"
"04/27/2023","3.960","3.890","3.960","3.889","8.49M","1.02%"
"04/26/2023","3.920","3.789","3.920","3.783","5.88M","3.43%"
"04/20/2023","3.790","3.700","3.790","3.700","2.14M","0.93%"
"04/19/2023","3.755","3.720","3.755","3.720","977.31K","0.29%"
"04/18/2023","3.744","3.717","3.799","3.717","2.64M","0.11%"
"04/17/2023","3.740","3.700","3.746","3.621","2.84M","1.08%"
"04/16/2023","3.700","3.749","3.749","3.691","2.65M","-1.31%"
"04/13/2023","3.749","3.619","3.749","3.619","6.30M","3.56%"
"04/12/2023","3.620","3.585","3.659","3.585","2.28M","-0.25%"
"04/11/2023","3.629","3.628","3.689","3.576","2.01M","0.11%"
"04/10/2023","3.625","3.623","3.699","3.561","2.00M","0.06%"
"04/09/2023","3.623","3.652","3.710","3.615","1.36M","-0.79%"
"04/06/2023","3.652","3.685","3.740","3.652","2.74M","-0.76%"
"04/05/2023","3.680","3.614","3.730","3.614","4.71M","1.66%"
"04/04/2023","3.620","3.590","3.782","3.542","5.71M","0.44%"
"04/03/2023","3.604","3.385","3.610","3.385","6.91M","6.47%"
"04/02/2023","3.385","3.480","3.480","3.385","2.01M","-2.14%"
"03/30/2023","3.459","3.480","3.480","3.405","4.33M","-0.60%"
"03/29/2023","3.480","3.420","3.481","3.345","4.97M","1.75%"
"03/28/2023","3.420","3.305","3.427","3.305","2.21M","3.48%"
"03/27/2023","3.305","3.209","3.349","3.208","3.93M","2.96%"
"03/26/2023","3.210","3.215","3.230","3.202","1.44M","-0.31%"
"03/23/2023","3.220","3.240","3.240","3.202","2.44M","-0.65%"
"03/22/2023","3.241","3.240","3.270","3.230","2.52M","0.03%"
"03/21/2023","3.240","3.220","3.249","3.220","5.22M","-0.06%"
"03/20/2023","3.242","3.250","3.280","3.207","2.40M","-0.25%"
"03/19/2023","3.250","3.210","3.250","3.152","2.88M","1.34%"
"03/16/2023","3.207","3.204","3.207","3.100","10.69M","0.22%"
"03/15/2023","3.200","3.186","3.280","3.186","3.18M","1.59%"
"03/14/2023","3.150","3.315","3.315","3.150","4.38M","-6.80%"
"03/13/2023","3.380","3.463","3.485","3.380","4.75M","-2.51%"
"03/12/2023","3.467","3.520","3.521","3.450","1.21M","-2.34%"
"03/09/2023","3.550","3.555","3.590","3.550","2.30M","-0.56%"
"03/08/2023","3.570","3.600","3.654","3.563","2.63M","-1.38%"
"03/07/2023","3.620","3.632","3.691","3.618","751.81K","-0.28%"
"03/06/2023","3.630","3.617","3.724","3.617","2.57M","-0.85%"
"03/02/2023","3.661","3.661","3.690","3.568","1.47M","0.00%"
"03/01/2023","3.661","3.688","3.698","3.655","2.54M","0.30%"
"02/28/2023","3.650","3.620","3.670","3.615","5.70M","0.83%"
"02/27/2023","3.620","3.669","3.670","3.610","2.08M","0.56%"
"02/26/2023","3.600","3.700","3.743","3.600","1.01M","-2.70%"
"02/23/2023","3.700","3.750","3.800","3.651","1.88M","-1.33%"
"02/22/2023","3.750","3.750","3.750","3.620","688.55K","0.00%"
"02/21/2023","3.750","3.501","3.750","3.501","2.21M","6.38%"
"02/20/2023","3.525","3.501","3.546","3.500","2.07M","-0.28%"
"02/19/2023","3.535","3.525","3.580","3.500","1.49M","-1.26%"
"02/16/2023","3.580","3.481","3.585","3.481","4.10M","1.73%"
"02/15/2023","3.519","3.650","3.650","3.502","7.74M","-3.85%"
"02/13/2023","3.660","3.723","3.750","3.601","1.56M","-2.53%"
"02/12/2023","3.755","3.701","3.755","3.701","248.18K","-1.11%"
"02/09/2023","3.797","3.800","3.830","3.719","956.68K","-0.08%"
"02/08/2023","3.800","3.760","3.800","3.717","561.55K","1.06%"
"02/07/2023","3.760","3.800","3.845","3.742","1.35M","-1.08%"
"02/06/2023","3.801","3.750","3.801","3.750","702.61K","1.09%"
"02/05/2023","3.760","3.760","3.780","3.726","554.48K","-0.53%"
"02/02/2023","3.780","3.799","3.799","3.722","1.03M","-0.32%"
"02/01/2023","3.792","3.800","3.865","3.700","1.35M","-0.21%"
"01/31/2023","3.800","3.761","3.860","3.761","1.87M","-1.30%"
"01/30/2023","3.850","3.820","3.850","3.752","3.53M","0.79%"
"01/29/2023","3.820","3.780","3.820","3.759","531.67K","1.06%"
"01/26/2023","3.780","3.860","3.885","3.711","2.02M","-1.31%"
"01/25/2023","3.830","3.899","3.900","3.830","1.45M","-1.77%"
"01/24/2023","3.899","3.905","3.907","3.880","1.84M","-0.91%"
"01/23/2023","3.935","3.905","3.949","3.813","2.17M","0.77%"
"01/22/2023","3.905","3.731","3.929","3.731","2.16M","2.01%"
"01/19/2023","3.828","3.752","3.899","3.751","2.20M","0.47%"
"01/18/2023","3.810","3.630","3.810","3.630","1.60M","4.96%"
"01/17/2023","3.630","3.680","3.697","3.603","2.22M","-1.36%"
"01/16/2023","3.680","3.606","3.680","3.606","2.59M","0.00%"
"01/15/2023","3.680","3.653","3.730","3.640","865.97K","-0.05%"
"01/12/2023","3.682","3.758","3.790","3.682","2.17M","-2.02%"
"01/11/2023","3.758","3.780","3.810","3.758","2.11M","-0.58%"
"01/10/2023","3.780","3.845","3.845","3.765","2.80M","-1.56%"
"01/09/2023","3.840","3.799","3.840","3.765","1.96M","1.08%"
"01/08/2023","3.799","3.712","3.848","3.712","1.53M","-0.03%"
"01/05/2023","3.800","3.689","3.800","3.645","2.13M","2.98%"
"01/04/2023","3.690","3.646","3.730","3.646","1.96M","-1.07%"
"01/03/2023","3.730","3.685","3.730","3.612","1.74M","1.36%"
"01/02/2023","3.680","3.662","3.700","3.601","617.61K","0.49%"
"12/29/2022","3.662","3.763","3.763","3.662","1.63M","-2.71%"
"12/28/2022","3.764","3.700","3.764","3.651","1.37M","1.73%"
"12/27/2022","3.700","3.610","3.700","3.610","730.00K","1.37%"
"12/26/2022","3.650","3.706","3.719","3.650","784.12K","-1.51%"
"12/25/2022","3.706","3.730","3.740","3.706","276.38K","-0.91%"
"12/22/2022","3.740","3.750","3.780","3.711","2.86M","-0.27%"
"12/21/2022","3.750","3.798","3.800","3.742","2.42M","-1.26%"
"12/20/2022","3.798","3.730","3.798","3.703","1.89M","1.55%"
"12/19/2022","3.740","3.722","3.798","3.722","3.07M","0.48%"
"12/15/2022","3.722","3.800","3.800","3.722","4.56M","-1.27%"
"12/14/2022","3.770","3.797","3.797","3.710","4.40M","1.89%"
"12/13/2022","3.700","3.799","3.799","3.700","3.92M","-1.57%"
"12/12/2022","3.759","3.753","3.890","3.714","5.05M","-1.31%"
"12/11/2022","3.809","3.958","3.958","3.808","1.91M","-0.10%"
"12/08/2022","3.813","3.871","3.884","3.761","5.00M","-1.50%"
"12/07/2022","3.871","3.872","3.888","3.870","3.22M","-0.54%"
"12/06/2022","3.892","3.875","3.972","3.875","1.63M","-2.19%"
"12/05/2022","3.979","3.916","3.979","3.900","1.65M","1.51%"
"12/04/2022","3.920","3.975","3.975","3.911","773.94K","0.51%"
"12/01/2022","3.900","3.919","3.964","3.900","2.15M","-1.76%"
"11/30/2022","3.970","3.906","3.999","3.905","12.22M","1.48%"
"11/29/2022","3.912","3.980","3.980","3.900","1.51M","-0.20%"
"11/28/2022","3.920","4.001","4.007","3.760","3.08M","-2.17%"
"11/27/2022","4.007","3.959","4.048","3.958","702.52K","0.43%"
"11/24/2022","3.990","3.958","3.990","3.950","1.40M","2.31%"
"11/23/2022","3.900","3.853","3.980","3.853","1.79M","0.00%"
"11/22/2022","3.900","3.950","4.085","3.855","2.61M","-1.27%"
"11/21/2022","3.950","4.090","4.090","3.899","1.56M","-2.08%"
"11/20/2022","4.034","4.110","4.110","4.030","874.93K","-1.85%"
"11/17/2022","4.110","4.050","4.132","4.050","1.45M","0.24%"
"11/16/2022","4.100","4.087","4.100","4.082","1.70M","-0.24%"
"11/15/2022","4.110","4.100","4.140","4.100","740.97K","-1.20%"
"11/14/2022","4.160","4.057","4.160","4.057","1.23M","1.22%"
"11/13/2022","4.110","4.101","4.148","4.101","468.17K","0.00%"
"11/10/2022","4.110","4.105","4.150","4.105","462.51K","-0.84%"
"11/09/2022","4.145","4.100","4.149","4.100","1.68M","-0.10%"
"11/08/2022","4.149","4.095","4.150","4.052","2.24M","1.69%"
"11/07/2022","4.080","4.080","4.099","4.050","2.16M","0.00%"
"11/06/2022","4.080","4.125","4.125","4.050","1.78M","-0.41%"
"11/03/2022","4.097","4.101","4.125","4.056","2.40M","-0.10%"
"11/02/2022","4.101","4.035","4.134","4.035","3.69M","0.05%"
"11/01/2022","4.099","4.033","4.099","4.020","1.80M","-0.02%"
"10/31/2022","4.100","4.049","4.100","4.015","1.85M","1.26%"
"10/30/2022","4.049","4.057","4.125","4.025","678.12K","-0.02%"
"10/27/2022","4.050","4.100","4.100","4.030","2.92M","-1.70%"
"10/26/2022","4.120","4.046","4.138","4.020","2.88M","0.49%"
"10/25/2022","4.100","4.096","4.100","4.040","3.24M","0.10%"
"10/24/2022","4.096","4.040","4.100","4.035","5.95M","1.39%"
"10/23/2022","4.040","4.150","4.150","4.022","1.27M","-2.65%"
"10/20/2022","4.150","4.149","4.150","4.100","2.93M","0.02%"
"10/19/2022","4.149","4.100","4.150","4.063","3.85M","1.20%"
"10/18/2022","4.100","4.100","4.100","4.026","2.64M","0.86%"
"10/17/2022","4.065","4.030","4.100","4.000","3.68M","0.87%"
"10/16/2022","4.030","4.050","4.050","3.910","1.60M","-0.74%"
"10/13/2022","4.060","4.040","4.100","4.040","2.86M","-0.98%"
"10/12/2022","4.100","4.098","4.100","4.012","2.57M","0.05%"
"10/11/2022","4.098","4.010","4.140","4.010","2.51M","1.19%"
"10/10/2022","4.050","4.003","4.120","4.000","1.99M","0.95%"
"10/09/2022","4.012","4.014","4.095","4.000","904.32K","-2.05%"
"10/06/2022","4.096","4.090","4.100","4.008","4.50M","-0.10%"
"10/05/2022","4.100","4.144","4.144","4.061","1.79M","-1.09%"
"10/04/2022","4.145","3.972","4.161","3.972","6.57M","4.36%"
"10/03/2022","3.972","3.940","3.998","3.907","4.00M","0.81%"
"10/02/2022","3.940","3.950","4.010","3.900","2.84M","-3.90%"
"09/29/2022","4.100","4.000","4.100","3.954","11.72M","2.53%"
"09/28/2022","3.999","3.897","4.001","3.897","13.96M","3.39%"
"09/27/2022","3.868","3.700","3.875","3.700","6.36M","3.17%"
"09/26/2022","3.749","3.580","3.770","3.550","4.64M","4.66%"
"09/25/2022","3.582","3.600","3.600","3.560","1.40M","-0.80%"
"09/22/2022","3.611","3.622","3.627","3.580","7.59M","-0.30%"
"09/21/2022","3.622","3.669","3.670","3.622","2.13M","-0.82%"
"09/20/2022","3.652","3.694","3.776","3.652","2.68M","-1.14%"
"09/19/2022","3.694","3.746","3.746","3.661","1.69M","-1.52%"
"09/18/2022","3.751","3.801","3.820","3.751","13.86M","-1.81%"
"09/15/2022","3.820","3.773","3.839","3.773","6.94M","1.30%"
"09/14/2022","3.771","3.838","3.838","3.711","3.89M","-2.53%"
"09/13/2022","3.869","3.880","3.909","3.840","2.53M","-0.28%"
"09/12/2022","3.880","3.895","3.895","3.880","3.07M","-0.10%"
"09/11/2022","3.884","3.870","3.895","3.870","815.77K","0.36%"
"09/08/2022","3.870","3.830","3.870","3.800","2.94M","1.04%"
"09/07/2022","3.830","3.830","3.850","3.795","3.22M","0.00%"
"09/06/2022","3.830","3.830","3.850","3.830","2.46M","-0.21%"
"09/05/2022","3.838","3.901","3.915","3.812","2.26M","-1.59%"
"09/04/2022","3.900","3.926","3.985","3.801","2.44M","-1.76%"
"09/01/2022","3.970","4.000","4.048","3.940","1.40M","-0.75%"
"08/31/2022","4.000","4.050","4.050","4.000","10.72M","-1.23%"
"08/30/2022","4.050","4.035","4.068","4.020","709.63K","-0.47%"
"08/29/2022","4.069","4.094","4.094","4.016","840.24K","0.49%"
"08/28/2022","4.049","4.050","4.069","4.006","1.36M","-1.03%"
"08/25/2022","4.091","4.070","4.098","4.070","660.89K","0.52%"
"08/24/2022","4.070","4.046","4.100","4.040","2.28M","-0.61%"
"08/23/2022","4.095","4.000","4.100","3.991","5.07M","2.37%"
"08/22/2022","4.000","4.000","4.001","3.970","6.52M","0.00%"
"08/21/2022","4.000","3.971","4.050","3.971","6.17M","0.00%"
"08/18/2022","4.000","3.955","4.000","3.955","5.12M","0.00%"
"08/17/2022","4.000","3.999","4.050","3.955","5.58M","0.00%"
"08/16/2022","4.000","4.050","4.050","3.980","2.82M","0.00%"
"08/15/2022","4.000","4.049","4.049","3.906","2.80M","-0.50%"
"08/14/2022","4.020","4.130","4.156","4.020","4.66M","-3.13%"
"08/11/2022","4.150","4.100","4.150","4.099","1.30M","0.27%"
"08/10/2022","4.139","4.130","4.179","4.081","1.77M","0.00%"
"08/09/2022","4.139","4.200","4.200","4.100","3.01M","-1.83%"
"08/08/2022","4.216","4.200","4.229","4.120","2.15M","0.38%"
"08/07/2022","4.200","4.190","4.220","4.152","1.03M","0.24%"
"08/04/2022","4.190","4.175","4.230","4.159","1.85M","-0.95%"
"08/03/2022","4.230","4.095","4.230","4.095","2.55M","1.93%"
"08/02/2022","4.150","4.160","4.160","4.098","2.14M","-0.24%"
"08/01/2022","4.160","4.160","4.160","4.103","2.26M","-0.24%"
"07/31/2022","4.170","4.080","4.173","4.050","1.41M","2.21%"
"07/28/2022","4.080","4.080","4.117","4.041","2.93M","-0.87%"
"07/27/2022","4.116","4.071","4.117","4.043","1.45M","0.02%"
"07/26/2022","4.115","4.062","4.115","4.062","943.95K","0.12%"
"07/25/2022","4.110","4.010","4.110","4.010","2.46M","0.74%"
"07/24/2022","4.080","4.051","4.100","4.003","1.59M","-0.56%"
"07/21/2022","4.103","4.103","4.104","4.042","2.04M","-0.02%"
"07/20/2022","4.104","4.060","4.150","4.060","2.93M","1.33%"
"07/19/2022","4.050","4.000","4.063","4.000","1.59M","0.37%"
"07/18/2022","4.035","3.905","4.049","3.801","7.70M","3.33%"
"07/17/2022","3.905","3.900","3.910","3.860","2.29M","0.15%"
"07/14/2022","3.899","3.800","3.900","3.800","4.07M","2.55%"
"07/13/2022","3.802","3.718","3.810","3.702","4.59M","0.85%"
"07/07/2022","3.770","3.740","3.795","3.701","1.63M","0.53%"
"07/06/2022","3.750","3.790","3.810","3.712","2.83M","-1.57%"
"07/05/2022","3.810","3.759","3.810","3.702","1.96M","1.36%"
"07/04/2022","3.759","3.739","3.763","3.712","1.04M","0.43%"
"07/03/2022","3.743","3.747","3.793","3.742","1.27M","0.05%"
"06/30/2022","3.741","3.800","3.820","3.731","4.65M","-1.55%"
"06/29/2022","3.800","3.777","3.810","3.700","1.58M","1.06%"
"06/28/2022","3.760","3.710","3.841","3.655","3.04M","-0.79%"
"06/27/2022","3.790","3.630","3.790","3.555","7.68M","3.21%"
"06/26/2022","3.672","3.690","3.690","3.506","1.19M","1.94%"
"06/23/2022","3.602","3.600","3.713","3.600","5.84M","-5.21%"
"06/22/2022","3.800","3.814","3.817","3.702","3.52M","-0.03%"
"06/21/2022","3.801","3.800","3.880","3.780","4.11M","0.56%"
"06/20/2022","3.780","3.799","3.799","3.701","1.98M","0.67%"
"06/19/2022","3.755","3.870","3.870","3.550","2.15M","-2.97%"
"06/16/2022","3.870","3.880","3.900","3.769","12.29M","0.00%"
"06/15/2022","3.870","3.860","3.899","3.860","4.69M","0.26%"
"06/14/2022","3.860","3.800","3.900","3.780","4.90M","0.26%"
"06/13/2022","3.850","3.799","3.868","3.799","3.24M","-1.28%"
"06/12/2022","3.900","3.870","3.900","3.870","1.75M","-0.76%"
"06/09/2022","3.930","3.950","3.950","3.904","5.02M","-0.25%"
"06/08/2022","3.940","3.900","3.940","3.800","9.65M","1.03%"
"06/07/2022","3.900","3.740","4.000","3.700","9.53M","4.28%"
"06/06/2022","3.740","3.738","3.769","3.710","2.00M","0.03%"
"06/05/2022","3.739","3.690","3.832","3.690","3.70M","0.11%"
"06/02/2022","3.735","3.680","3.739","3.641","5.61M","1.49%"
"06/01/2022","3.680","3.730","3.730","3.640","4.97M","-1.60%"
"05/31/2022","3.740","3.636","3.740","3.625","27.46M","2.86%"
"05/30/2022","3.636","3.593","3.640","3.585","9.92M","1.14%"
"05/29/2022","3.595","3.580","3.600","3.560","2.31M","0.25%"
"05/26/2022","3.586","3.495","3.589","3.495","9.13M","1.59%"
"05/25/2022","3.530","3.490","3.530","3.476","5.15M","1.15%"
"05/24/2022","3.490","3.474","3.501","3.474","2.11M","-0.26%"
"05/23/2022","3.499","3.490","3.519","3.468","5.40M","0.26%"
"05/22/2022","3.490","3.400","3.490","3.400","999.34K","2.65%"
"05/19/2022","3.400","3.461","3.461","3.356","5.40M","-2.86%"
"05/18/2022","3.500","3.490","3.500","3.471","3.07M","0.72%"
"05/17/2022","3.475","3.450","3.495","3.380","3.12M","0.72%"
"05/16/2022","3.450","3.330","3.540","3.320","9.21M","2.99%"
"05/15/2022","3.350","3.430","3.452","3.315","1.77M","-2.98%"
"05/12/2022","3.453","3.452","3.465","3.401","3.02M","-0.80%"
"05/11/2022","3.481","3.480","3.500","3.451","2.51M","0.03%"
"05/10/2022","3.480","3.393","3.485","3.393","4.08M","0.90%"
"05/09/2022","3.449","3.420","3.449","3.409","2.61M","0.73%"
"05/08/2022","3.424","3.460","3.460","3.400","1.21M","0.12%"
"04/28/2022","3.420","3.440","3.480","3.405","4.75M","-0.87%"
"04/27/2022","3.450","3.481","3.481","3.430","2.57M","-0.86%"
"04/26/2022","3.480","3.520","3.520","3.478","4.54M","0.00%"
"04/25/2022","3.480","3.507","3.549","3.475","2.98M","-1.42%"
"04/24/2022","3.530","3.562","3.562","3.503","690.00K","0.00%"
"04/21/2022","3.530","3.435","3.534","3.435","3.88M","1.44%"
"04/20/2022","3.480","3.520","3.542","3.440","4.05M","-1.05%"
"04/19/2022","3.517","3.561","3.561","3.517","3.88M","-1.07%"
"04/18/2022","3.555","3.560","3.578","3.529","2.03M","0.23%"
"04/17/2022","3.547","3.516","3.568","3.516","1.67M","0.77%"
"04/14/2022","3.520","3.517","3.578","3.517","3.61M","-0.85%"
"04/13/2022","3.550","3.513","3.570","3.502","4.27M","1.14%"
"04/12/2022","3.510","3.531","3.557","3.510","2.24M","-0.43%"
"04/11/2022","3.525","3.560","3.590","3.525","4.00M","-0.98%"
"04/10/2022","3.560","3.597","3.597","3.544","2.54M","0.45%"
"04/07/2022","3.544","3.600","3.602","3.533","3.72M","-1.69%"
"04/06/2022","3.605","3.556","3.605","3.550","10.25M","1.15%"
"04/05/2022","3.564","3.624","3.624","3.560","4.44M","-1.27%"
"04/04/2022","3.610","3.531","3.611","3.531","3.00M","0.98%"
"04/03/2022","3.575","3.589","3.604","3.511","451.34K","-0.14%"
"03/31/2022","3.580","3.620","3.620","3.532","2.10M","-0.75%"
"03/30/2022","3.607","3.602","3.616","3.592","1.47M","-0.36%"
"03/29/2022","3.620","3.569","3.630","3.552","4.55M","1.40%"
"03/28/2022","3.570","3.515","3.570","3.515","4.75M","1.42%"
"03/27/2022","3.520","3.554","3.565","3.515","2.40M","-1.26%"
"03/24/2022","3.565","3.580","3.600","3.535","3.84M","-0.42%"
"03/23/2022","3.580","3.602","3.615","3.580","3.20M","-0.97%"
"03/22/2022","3.615","3.660","3.660","3.600","2.52M","-1.50%"
"03/21/2022","3.670","3.661","3.700","3.612","1.86M","0.41%"
"03/20/2022","3.655","3.655","3.688","3.655","1.21M","-1.48%"
"03/17/2022","3.710","3.696","3.793","3.623","7.70M","0.38%"
"03/16/2022","3.696","3.602","3.696","3.601","2.86M","1.76%"
"03/15/2022","3.632","3.642","3.645","3.602","2.44M","-0.36%"
"03/14/2022","3.645","3.610","3.645","3.601","3.48M","0.64%"
"03/13/2022","3.622","3.655","3.680","3.616","1.07M","-0.90%"
"03/10/2022","3.655","3.629","3.678","3.621","1.56M","-0.14%"
"03/09/2022","3.660","3.601","3.718","3.601","5.07M","1.67%"
"03/08/2022","3.600","3.669","3.669","3.600","5.26M","-1.91%"
"03/07/2022","3.670","3.658","3.746","3.658","8.25M","0.03%"
"03/03/2022","3.669","3.731","3.756","3.628","7.63M","-2.29%"
"03/02/2022","3.755","3.626","3.755","3.587","12.13M","3.56%"
"03/01/2022","3.626","3.696","3.696","3.570","11.98M","-3.69%"
"02/28/2022","3.765","3.690","3.765","3.660","11.79M","2.59%"
"02/27/2022","3.670","3.590","3.695","3.590","11.73M","2.23%"
"02/24/2022","3.590","3.570","3.598","3.504","5.87M","0.25%"
"02/23/2022","3.581","3.546","3.581","3.546","3.58M","0.99%"
"02/22/2022","3.546","3.520","3.547","3.520","5.67M","0.74%"
"02/21/2022","3.520","3.505","3.542","3.504","1.85M","0.00%"
"02/20/2022","3.520","3.510","3.540","3.500","665.48K","0.28%"
"02/17/2022","3.510","3.505","3.529","3.505","4.96M","-0.57%"
"02/16/2022","3.530","3.559","3.577","3.508","5.36M","-0.56%"
"02/15/2022","3.550","3.451","3.550","3.451","3.44M","2.31%"
"02/14/2022","3.470","3.444","3.480","3.402","2.16M","0.78%"
"02/13/2022","3.443","3.495","3.495","3.416","3.36M","-1.94%"
"02/10/2022","3.511","3.450","3.558","3.430","5.26M","1.18%"
"02/09/2022","3.470","3.578","3.590","3.412","5.20M","-3.05%"
"02/07/2022","3.579","3.600","3.625","3.578","6.48M","-1.68%"
"02/06/2022","3.640","3.685","3.685","3.633","3.95M","0.00%"
"02/03/2022","3.640","3.744","3.744","3.640","3.41M","-2.15%"
"02/02/2022","3.720","3.765","3.765","3.710","3.09M","-0.80%"
"02/01/2022","3.750","3.628","3.808","3.611","10.76M","3.88%"
"01/31/2022","3.610","3.605","3.629","3.600","4.68M","0.28%"
"01/30/2022","3.600","3.550","3.639","3.550","6.03M","0.03%"
"01/27/2022","3.599","3.621","3.638","3.550","3.99M","-0.58%"
"01/26/2022","3.620","3.669","3.699","3.615","9.94M","-1.09%"
"01/25/2022","3.660","3.570","3.660","3.570","9.49M","1.39%"
"01/24/2022","3.610","3.580","3.634","3.540","5.81M","0.84%"
"01/23/2022","3.580","3.545","3.580","3.450","4.41M","0.99%"
"01/20/2022","3.545","3.477","3.550","3.461","4.92M","1.96%"
"01/19/2022","3.477","3.417","3.540","3.407","10.81M","1.76%"
"01/18/2022","3.417","3.402","3.430","3.402","3.09M","-0.09%"
"01/17/2022","3.420","3.440","3.440","3.410","1.86M","-0.58%"
"01/16/2022","3.440","3.407","3.440","3.403","3.49M","0.67%"
"01/13/2022","3.417","3.400","3.420","3.400","2.64M","0.00%"
"01/12/2022","3.417","3.410","3.427","3.401","4.36M","-0.35%"
"01/11/2022","3.429","3.391","3.440","3.388","7.94M","0.85%"
"01/10/2022","3.400","3.356","3.400","3.356","2.55M","1.34%"
"01/09/2022","3.355","3.340","3.355","3.339","3.49M","0.33%"
"01/06/2022","3.344","3.320","3.344","3.315","3.31M","0.72%"
"01/05/2022","3.320","3.320","3.326","3.295","2.70M","0.00%"
"01/04/2022","3.320","3.300","3.320","3.292","3.98M","0.61%"
"01/03/2022","3.300","3.309","3.309","3.286","559.54K","0.00%"
"01/02/2022","3.300","3.290","3.300","3.290","120.71K","0.00%"
"12/30/2021","3.300","3.292","3.303","3.280","972.13K","0.00%"
"12/29/2021","3.300","3.318","3.319","3.295","2.09M","-0.57%"
"12/28/2021","3.319","3.297","3.320","3.297","1.24M","0.12%"
"12/27/2021","3.315","3.294","3.319","3.293","642.43K","0.67%"
"12/26/2021","3.293","3.281","3.309","3.281","553.30K","-0.75%"
"12/23/2021","3.318","3.310","3.318","3.280","2.49M","0.55%"
"12/22/2021","3.300","3.280","3.300","3.260","929.63K","0.30%"
"12/21/2021","3.290","3.270","3.295","3.261","1.09M","0.61%"
"12/20/2021","3.270","3.280","3.280","3.253","3.80M","-0.30%"
"12/16/2021","3.280","3.321","3.347","3.280","6.51M","-1.23%"
"12/15/2021","3.321","3.325","3.348","3.305","1.14M","-0.27%"
"12/14/2021","3.330","3.320","3.350","3.320","1.51M","-0.60%"
"12/13/2021","3.350","3.300","3.360","3.300","3.19M","1.30%"
"12/12/2021","3.307","3.291","3.339","3.290","971.92K","0.73%"
"12/09/2021","3.283","3.300","3.343","3.281","1.84M","-0.52%"
"12/08/2021","3.300","3.351","3.360","3.300","2.34M","-1.46%"
"12/07/2021","3.349","3.300","3.350","3.274","9.58M","2.29%"
"12/06/2021","3.274","3.250","3.295","3.250","2.51M","0.43%"
"12/05/2021","3.260","3.260","3.266","3.260","229.34K","0.00%"
"12/02/2021","3.260","3.261","3.300","3.260","1.49M","-1.51%"
"12/01/2021","3.310","3.248","3.310","3.248","1.30M","0.30%"
"11/30/2021","3.300","3.241","3.300","3.220","7.69M","1.82%"
"11/29/2021","3.241","3.242","3.278","3.230","2.97M","-0.03%"
"11/28/2021","3.242","3.240","3.279","3.210","2.17M","-1.22%"
"11/25/2021","3.282","3.300","3.310","3.277","366.92K","-0.55%"
"11/24/2021","3.300","3.283","3.300","3.283","3.73M","0.03%"
"11/23/2021","3.299","3.300","3.300","3.278","1.24M","-0.03%"
"11/22/2021","3.300","3.283","3.300","3.270","2.77M","0.52%"
"11/21/2021","3.283","3.300","3.310","3.255","1.05M","-0.73%"
"11/18/2021","3.307","3.272","3.307","3.272","2.56M","0.95%"
"11/17/2021","3.276","3.305","3.307","3.276","1.38M","-0.88%"
"11/16/2021","3.305","3.305","3.305","3.274","5.20M","0.15%"
"11/15/2021","3.300","3.265","3.304","3.265","1.77M","0.33%"
"11/14/2021","3.289","3.280","3.310","3.261","641.88K","-0.30%"
"11/11/2021","3.299","3.279","3.299","3.268","2.13M","0.58%"
"11/10/2021","3.280","3.286","3.300","3.265","1.69M","-0.30%"
"11/09/2021","3.290","3.291","3.310","3.288","5.75M","0.00%"
"11/08/2021","3.290","3.300","3.310","3.274","2.04M","-0.27%"
"11/07/2021","3.299","3.295","3.314","3.274","1.04M","0.12%"
"11/04/2021","3.295","3.266","3.299","3.266","1.81M","-0.15%"
"11/03/2021","3.300","3.255","3.300","3.250","3.61M","1.38%"
"11/02/2021","3.255","3.217","3.290","3.217","7.11M","1.18%"
"11/01/2021","3.217","3.266","3.280","3.215","3.85M","-1.47%"
"10/31/2021","3.265","3.252","3.320","3.252","7.51M","0.46%"
"10/28/2021","3.250","3.290","3.310","3.250","4.84M","-1.22%"
"10/27/2021","3.290","3.289","3.333","3.255","16.02M","0.61%"
"10/26/2021","3.270","3.350","3.355","3.270","5.41M","-2.39%"
"10/25/2021","3.350","3.365","3.379","3.313","9.10M","-0.30%"
"10/24/2021","3.360","3.306","3.380","3.277","7.35M","1.48%"
"10/21/2021","3.311","3.212","3.380","3.212","21.59M","3.47%"
"10/20/2021","3.200","3.149","3.210","3.141","13.18M","1.59%"
"10/19/2021","3.150","3.146","3.153","3.120","6.83M","0.19%"
"10/18/2021","3.144","3.160","3.168","3.141","7.57M","-0.19%"
"10/17/2021","3.150","3.143","3.160","3.143","8.00M","0.22%"
"10/14/2021","3.143","3.125","3.144","3.125","5.68M","0.58%"
"10/13/2021","3.125","3.120","3.127","3.111","1.57M","0.16%"
"10/12/2021","3.120","3.102","3.128","3.100","3.48M","0.61%"
"10/11/2021","3.101","3.129","3.129","3.100","12.26M","-0.64%"
"10/10/2021","3.121","3.145","3.145","3.120","5.03M","-0.76%"
"10/07/2021","3.145","3.160","3.170","3.140","6.71M","-0.47%"
"10/06/2021","3.160","3.129","3.174","3.129","11.16M","1.22%"
"10/05/2021","3.122","3.105","3.130","3.105","4.46M","-0.22%"
"10/04/2021","3.129","3.110","3.129","3.099","7.21M","0.61%"
"10/03/2021","3.110","3.096","3.124","3.094","4.71M","0.52%"
"09/30/2021","3.094","3.076","3.120","3.076","12.48M","0.06%"
"09/29/2021","3.092","3.071","3.094","3.052","7.48M","0.62%"
"09/28/2021","3.073","3.096","3.096","3.073","2.01M","-0.39%"
"09/27/2021","3.085","3.070","3.095","3.050","3.39M","0.65%"
"09/26/2021","3.065","3.070","3.088","3.065","3.38M","-0.16%"
"09/23/2021","3.070","3.038","3.079","3.038","4.76M","0.79%"
"09/22/2021","3.046","3.040","3.055","3.040","4.53M","0.10%"
"09/21/2021","3.043","3.049","3.060","3.038","2.40M","-0.43%"
"09/20/2021","3.056","3.063","3.066","3.055","1.36M","-0.20%"
"09/19/2021","3.062","3.070","3.075","3.051","1.68M","-0.42%"
"09/16/2021","3.075","3.064","3.076","3.060","5.33M","0.46%"
"09/15/2021","3.061","3.056","3.090","3.056","6.83M","-0.36%"
"09/14/2021","3.072","3.041","3.084","3.041","8.60M","0.79%"
"09/13/2021","3.048","3.045","3.050","3.036","2.89M","-0.07%"
"09/12/2021","3.050","3.050","3.050","3.041","1.10M","0.00%"
"09/09/2021","3.050","3.055","3.060","3.041","5.81M","-0.16%"
"09/08/2021","3.055","3.056","3.060","3.038","2.18M","-0.03%"
"09/07/2021","3.056","3.070","3.070","3.055","2.79M","-0.59%"
"09/06/2021","3.074","3.056","3.078","3.056","1.61M","-0.19%"
"09/05/2021","3.080","3.061","3.080","3.061","1.15M","-0.32%"
"09/02/2021","3.090","3.080","3.090","3.056","1.58M","0.32%"
"09/01/2021","3.080","3.076","3.094","3.076","1.94M","-0.48%"
"08/31/2021","3.095","3.075","3.100","3.075","6.22M","-0.16%"
"08/30/2021","3.100","3.090","3.100","3.090","650.97K","0.00%"
"08/29/2021","3.100","3.090","3.108","3.090","2.18M","0.00%"
"08/26/2021","3.100","3.076","3.100","3.069","1.58M","0.49%"
"08/25/2021","3.085","3.106","3.106","3.080","1.70M","-0.77%"
"08/24/2021","3.109","3.120","3.140","3.081","4.20M","-0.35%"
"08/23/2021","3.120","3.043","3.132","3.043","10.02M","2.19%"
"08/22/2021","3.053","3.020","3.060","3.020","3.89M","0.59%"
"08/19/2021","3.035","3.050","3.050","3.027","2.80M","-0.49%"
"08/18/2021","3.050","3.050","3.065","3.045","4.33M","-0.49%"
"08/17/2021","3.065","3.032","3.065","3.021","8.10M","1.16%"
"08/16/2021","3.030","3.015","3.038","3.011","2.14M","0.66%"
"08/15/2021","3.010","3.007","3.020","3.005","1.12M","-0.56%"
"08/12/2021","3.027","3.025","3.027","3.010","2.55M","0.07%"
"08/11/2021","3.025","3.021","3.036","3.020","1.60M","-0.17%"
"08/10/2021","3.030","3.040","3.044","3.029","3.05M","-0.33%"
"08/09/2021","3.040","3.038","3.053","3.029","3.43M","-0.07%"
"08/08/2021","3.042","3.026","3.050","3.026","3.12M","0.13%"
"08/05/2021","3.038","3.030","3.040","3.020","2.87M","-0.07%"
"08/04/2021","3.040","3.039","3.040","3.017","2.78M","0.00%"
"08/03/2021","3.040","3.042","3.042","3.031","2.92M","-0.26%"
"08/02/2021","3.048","3.015","3.048","3.015","3.31M","1.09%"
"08/01/2021","3.015","3.039","3.039","3.013","3.03M","-0.82%"
"07/29/2021","3.040","3.030","3.040","3.006","3.18M","0.00%"
"07/28/2021","3.040","3.021","3.040","3.004","1.78M","0.00%"
"07/27/2021","3.040","3.026","3.040","3.025","3.44M","0.40%"
"07/26/2021","3.028","3.040","3.048","3.022","5.72M","-0.23%"
"07/25/2021","3.035","3.036","3.047","3.012","3.73M","0.76%"
"07/15/2021","3.012","3.049","3.049","3.012","3.54M","-1.21%"
"07/14/2021","3.049","3.088","3.088","3.036","6.20M","-1.26%"
"07/13/2021","3.088","3.151","3.187","3.076","8.46M","-2.74%"
"07/12/2021","3.175","3.192","3.218","3.170","8.02M","-0.56%"
"07/11/2021","3.193","3.200","3.205","3.180","2.78M","0.06%"
"07/08/2021","3.191","3.220","3.265","3.190","4.77M","-0.28%"
"07/07/2021","3.200","3.051","3.200","3.051","15.81M","4.58%"
"07/06/2021","3.060","3.045","3.060","3.045","3.11M","0.33%"
"07/05/2021","3.050","3.040","3.053","3.035","1.88M","0.00%"
"07/04/2021","3.050","3.049","3.053","3.042","3.84M","0.03%"
"07/01/2021","3.049","3.010","3.068","3.010","2.27M","1.63%"
"06/30/2021","3.000","3.006","3.040","3.000","5.10M","-0.63%"
"06/29/2021","3.019","3.010","3.020","2.993","2.47M","0.63%"
"06/28/2021","3.000","3.020","3.020","3.000","2.99M","-0.33%"
"06/27/2021","3.010","3.001","3.020","3.001","892.99K","0.27%"
"06/24/2021","3.002","3.007","3.028","3.001","3.21M","-0.17%"
"06/23/2021","3.007","3.034","3.034","3.007","1.63M","-0.92%"
"06/22/2021","3.035","3.006","3.040","3.006","1.80M","-0.16%"
"06/21/2021","3.040","3.029","3.040","3.000","2.13M","0.30%"
"06/20/2021","3.031","3.040","3.040","3.025","1.78M","0.20%"
"06/17/2021","3.025","3.020","3.026","3.000","8.44M","0.17%"
"06/16/2021","3.020","3.025","3.040","3.019","2.33M","-0.17%"
"06/15/2021","3.025","3.038","3.038","3.003","1.88M","-0.17%"
"06/14/2021","3.030","3.028","3.040","3.020","2.59M","0.00%"
"06/13/2021","3.030","3.028","3.037","3.024","822.43K","0.13%"
"06/10/2021","3.026","3.040","3.045","3.025","2.03M","-0.46%"
"06/09/2021","3.040","3.040","3.040","3.030","1.80M","0.26%"
"06/08/2021","3.032","3.050","3.050","3.032","1.08M","-0.59%"
"06/07/2021","3.050","3.065","3.090","3.046","2.74M","-0.97%"
"06/06/2021","3.080","3.090","3.090","3.060","2.11M","0.33%"
"06/03/2021","3.070","3.074","3.100","3.065","970.29K","-0.65%"
"06/02/2021","3.090","3.090","3.090","3.073","1.98M","0.00%"
"06/01/2021","3.090","3.097","3.100","3.071","2.59M","-0.32%"
"05/31/2021","3.100","3.100","3.100","3.063","2.13M","0.03%"
"05/30/2021","3.099","3.120","3.120","3.090","1.56M","-0.67%"
"05/27/2021","3.120","3.035","3.120","3.033","7.76M","2.87%"
"05/26/2021","3.033","3.021","3.040","3.020","2.57M","0.10%"
"05/25/2021","3.030","3.021","3.050","3.010","3.58M","0.33%"
"05/24/2021","3.020","3.040","3.049","3.020","3.17M","-0.53%"
"05/23/2021","3.036","3.032","3.060","3.032","810.43K","0.16%"
"05/20/2021","3.031","3.005","3.080","3.005","3.41M","-0.62%"
"05/19/2021","3.050","3.103","3.112","3.050","2.15M","-2.34%"
"05/18/2021","3.123","3.111","3.139","3.106","1.20M","0.55%"
"05/17/2021","3.106","3.155","3.155","3.106","2.66M","-1.55%"
"05/11/2021","3.155","3.153","3.156","3.144","1.26M","-0.44%"
"05/10/2021","3.169","3.155","3.175","3.150","1.55M","0.44%"
"05/09/2021","3.155","3.152","3.160","3.150","633.94K","-0.16%"
"05/06/2021","3.160","3.170","3.181","3.150","1.20M","-0.47%"
"05/05/2021","3.175","3.145","3.175","3.145","850.51K","0.79%"
"05/04/2021","3.150","3.146","3.165","3.143","527.32K","-0.60%"
"05/03/2021","3.169","3.140","3.169","3.135","1.42M","0.35%"
"05/02/2021","3.158","3.170","3.170","3.125","975.18K","-0.06%"
"04/29/2021","3.160","3.188","3.188","3.160","1.36M","-0.25%"
"04/28/2021","3.168","3.176","3.197","3.165","1.34M","-1.00%"
"04/27/2021","3.200","3.200","3.200","3.170","3.27M","0.00%"
"04/26/2021","3.200","3.165","3.210","3.163","4.49M","1.07%"
"04/25/2021","3.166","3.165","3.170","3.159","1.48M","0.03%"
"04/22/2021","3.165","3.185","3.185","3.160","2.12M","-0.47%"
"04/21/2021","3.180","3.190","3.200","3.179","2.95M","-0.47%"
"04/20/2021","3.195","3.205","3.209","3.190","8.50M","-0.16%"
"04/19/2021","3.200","3.210","3.240","3.190","4.88M","-0.16%"
"04/18/2021","3.205","3.211","3.260","3.202","3.07M","-0.16%"
"04/15/2021","3.210","3.215","3.248","3.186","11.43M","-0.40%"
"04/14/2021","3.223","3.210","3.225","3.210","2.24M","0.47%"
"04/13/2021","3.208","3.211","3.230","3.188","1.12M","-0.09%"
"04/12/2021","3.211","3.193","3.245","3.193","1.28M","0.03%"
"04/11/2021","3.210","3.244","3.250","3.190","2.41M","-1.05%"
"04/08/2021","3.244","3.202","3.247","3.182","1.97M","0.78%"
"04/07/2021","3.219","3.220","3.224","3.183","2.38M","-0.19%"
"04/06/2021","3.225","3.224","3.225","3.201","2.41M","0.31%"
"04/05/2021","3.215","3.214","3.226","3.184","1.33M","0.44%"
"04/04/2021","3.201","3.185","3.201","3.171","1.18M","0.06%"
"04/01/2021","3.199","3.155","3.222","3.135","4.10M","1.39%"
"03/31/2021","3.155","3.131","3.176","3.131","4.53M","0.19%"
"03/30/2021","3.149","3.149","3.169","3.132","5.29M","0.00%"
"03/29/2021","3.149","3.112","3.149","3.111","3.89M","0.35%"
"03/28/2021","3.138","3.105","3.145","3.105","786.24K","0.84%"
"03/25/2021","3.112","3.116","3.130","3.101","3.94M","-0.38%"
"03/24/2021","3.124","3.139","3.170","3.122","1.91M","-0.48%"
"03/23/2021","3.139","3.171","3.188","3.139","4.40M","-0.98%"
"03/22/2021","3.170","3.134","3.200","3.134","2.17M","-0.44%"
"03/21/2021","3.184","3.228","3.228","3.180","831.35K","-1.39%"
"03/18/2021","3.229","3.203","3.229","3.182","5.06M","0.81%"
"03/17/2021","3.203","3.203","3.210","3.203","1.33M","-0.19%"
"03/16/2021","3.209","3.206","3.210","3.201","1.22M","0.09%"
"03/15/2021","3.206","3.222","3.222","3.200","1.67M","0.19%"
"03/14/2021","3.200","3.200","3.213","3.200","1.24M","-0.22%"
"03/11/2021","3.207","3.209","3.218","3.197","1.05M","-0.09%"
"03/10/2021","3.210","3.217","3.217","3.197","1.96M","0.00%"
"03/09/2021","3.210","3.181","3.220","3.180","1.73M","0.63%"
"03/08/2021","3.190","3.195","3.246","3.190","2.63M","-0.16%"
"03/04/2021","3.195","3.200","3.248","3.195","3.65M","-0.62%"
"03/03/2021","3.215","3.205","3.300","3.205","7.18M","-4.49%"
"03/02/2021","3.366","3.340","3.390","3.334","3.82M","0.75%"
"03/01/2021","3.341","3.350","3.418","3.341","3.83M","-1.45%"
"02/28/2021","3.390","3.250","3.390","3.250","1.12M","2.73%"
"02/25/2021","3.300","3.215","3.300","3.199","7.76M","2.80%"
"02/24/2021","3.210","3.162","3.235","3.162","5.50M","0.00%"
"02/23/2021","3.210","3.146","3.289","3.146","2.88M","0.31%"
"02/22/2021","3.200","3.277","3.285","3.200","4.94M","-3.00%"
"02/21/2021","3.299","3.262","3.300","3.262","948.94K","-0.03%"
"02/18/2021","3.300","3.300","3.320","3.261","2.39M","0.00%"
"02/17/2021","3.300","3.369","3.369","3.300","2.63M","-2.05%"
"02/16/2021","3.369","3.353","3.389","3.330","2.40M","0.09%"
"02/15/2021","3.366","3.351","3.385","3.351","1.42M","-0.50%"
"02/14/2021","3.383","3.399","3.399","3.326","795.42K","-0.47%"
"02/11/2021","3.399","3.398","3.399","3.356","1.01M","0.03%"
"02/10/2021","3.398","3.398","3.403","3.386","3.06M","0.65%"
"02/08/2021","3.376","3.400","3.410","3.374","2.23M","-0.41%"
"02/07/2021","3.390","3.350","3.440","3.350","1.15M","-0.29%"
"02/04/2021","3.400","3.352","3.417","3.352","3.86M","1.46%"
"02/03/2021","3.351","3.336","3.449","3.336","4.94M","0.03%"
"02/02/2021","3.350","3.365","3.369","3.301","1.95M","0.93%"
"02/01/2021","3.319","3.240","3.352","3.240","4.47M","0.64%"
"01/31/2021","3.298","3.300","3.300","3.250","736.30K","-0.03%"
"01/28/2021","3.299","3.332","3.340","3.255","8.63M","-2.40%"
"01/27/2021","3.380","3.330","3.380","3.300","3.61M","1.50%"
"01/26/2021","3.330","3.391","3.439","3.330","2.46M","-1.77%"
"01/25/2021","3.390","3.480","3.480","3.390","2.73M","-2.31%"
"01/24/2021","3.470","3.472","3.500","3.441","420.48K","0.06%"
"01/21/2021","3.468","3.465","3.490","3.440","2.11M","-0.60%"
"01/20/2021","3.489","3.488","3.509","3.460","4.22M","0.46%"
"01/19/2021","3.473","3.449","3.477","3.411","5.16M","0.67%"
"01/18/2021","3.450","3.353","3.450","3.353","3.60M","1.20%"
"01/17/2021","3.409","3.403","3.435","3.403","1.96M","-1.27%"
"01/14/2021","3.453","3.477","3.477","3.424","3.31M","-0.20%"
"01/13/2021","3.460","3.457","3.460","3.407","4.11M","0.00%"
"01/12/2021","3.460","3.453","3.500","3.420","4.11M","0.29%"
"01/11/2021","3.450","3.350","3.450","3.320","8.09M","3.60%"
"01/10/2021","3.330","3.259","3.360","3.259","3.85M","2.15%"
"01/07/2021","3.260","3.250","3.299","3.222","2.19M","0.31%"
"01/06/2021","3.250","3.328","3.340","3.250","3.87M","-1.81%"
"01/05/2021","3.310","3.230","3.310","3.202","8.77M","3.44%"
"01/04/2021","3.200","3.187","3.200","3.176","1.89M","0.41%"
"01/03/2021","3.187","3.183","3.199","3.180","359.72K","0.22%"
"12/31/2020","3.180","3.196","3.248","3.180","3.96M","-1.97%"
"12/30/2020","3.244","3.181","3.244","3.181","2.58M","1.50%"
"12/29/2020","3.196","3.201","3.212","3.194","1.63M","-0.56%"
"12/28/2020","3.214","3.208","3.214","3.191","860.05K","0.44%"
"12/27/2020","3.200","3.195","3.210","3.194","921.36K","0.16%"
"12/24/2020","3.195","3.200","3.230","3.192","3.59M","-0.75%"
"12/23/2020","3.219","3.200","3.223","3.191","4.35M","0.59%"
"12/22/2020","3.200","3.200","3.205","3.178","3.46M","-0.31%"
"12/21/2020","3.210","3.175","3.245","3.175","4.67M","-0.34%"
"12/20/2020","3.221","3.249","3.249","3.217","1.27M","-0.89%"
"12/16/2020","3.250","3.200","3.251","3.200","15.36M","0.87%"
"12/15/2020","3.222","3.161","3.230","3.161","4.56M","0.06%"
"12/14/2020","3.220","3.201","3.257","3.200","5.61M","-0.31%"
"12/13/2020","3.230","3.210","3.277","3.210","3.29M","-0.92%"
"12/10/2020","3.260","3.260","3.262","3.223","2.37M","-0.28%"
"12/09/2020","3.269","3.210","3.269","3.205","6.14M","1.84%"
"12/08/2020","3.210","3.150","3.210","3.150","3.92M","0.00%"
"12/07/2020","3.210","3.213","3.213","3.166","4.71M","-0.09%"
"12/06/2020","3.213","3.207","3.249","3.200","7.22M","0.41%"
"12/03/2020","3.200","3.200","3.200","3.151","8.05M","0.63%"
"12/02/2020","3.180","3.160","3.180","3.130","22.44M","1.60%"
"12/01/2020","3.130","3.239","3.250","3.111","18.84M","-3.37%"
"11/30/2020","3.239","3.185","3.239","2.921","205.16M","1.70%"
"11/29/2020","3.185","3.252","3.333","3.153","26.47M","-2.06%"
"11/26/2020","3.252","3.220","3.332","3.204","32.95M","0.71%"
"11/25/2020","3.229","3.401","3.464","3.200","41.32M","-5.36%"
"11/24/2020","3.412","3.320","3.414","3.291","27.10M","3.39%"
"11/23/2020","3.300","3.204","3.300","3.198","27.36M","2.52%"
"11/22/2020","3.219","3.190","3.233","3.175","15.42M","0.63%"
"11/19/2020","3.199","3.190","3.237","3.156","28.43M","0.53%"
"11/18/2020","3.182","3.133","3.187","3.126","26.08M","1.60%"
"11/17/2020","3.132","3.100","3.140","3.066","26.50M","1.23%"
"11/16/2020","3.094","2.972","3.120","2.971","35.85M","4.18%"
"11/15/2020","2.970","2.988","2.990","2.932","5.84M","-0.67%"
"11/12/2020","2.990","3.000","3.020","2.955","22.24M","-0.07%"
"11/11/2020","2.992","2.992","2.992","2.900","68.61M","10.00%"
"11/10/2020","2.720","2.745","2.770","2.700","18.73M","-0.26%"
"11/09/2020","2.727","2.702","2.730","2.690","2.21M","1.00%"
"11/08/2020","2.700","2.668","2.700","2.668","3.52M","1.50%"
"11/05/2020","2.660","2.660","2.685","2.651","4.43M","0.00%"
"11/04/2020","2.660","2.655","2.687","2.655","2.41M","0.19%"
"11/03/2020","2.655","2.654","2.670","2.650","5.01M","0.11%"
"11/02/2020","2.652","2.665","2.680","2.645","3.44M","-0.67%"
"11/01/2020","2.670","2.668","2.690","2.655","3.14M","-0.74%"
"10/29/2020","2.690","2.700","2.700","2.648","3.55M","0.34%"
"10/28/2020","2.681","2.730","2.730","2.642","4.24M","0.45%"
"10/27/2020","2.669","2.710","2.710","2.654","3.89M","-1.88%"
"10/26/2020","2.720","2.651","2.720","2.624","6.83M","2.60%"
"10/25/2020","2.651","2.722","2.749","2.600","4.99M","-3.07%"
"10/22/2020","2.735","2.788","2.788","2.729","3.71M","-1.90%"
"10/21/2020","2.788","2.786","2.796","2.770","5.60M","-0.04%"
"10/20/2020","2.789","2.797","2.799","2.777","18.82M","1.42%"
"10/19/2020","2.750","2.745","2.781","2.745","14.83M","0.36%"
"10/18/2020","2.740","2.685","2.765","2.685","8.94M","1.67%"
"10/15/2020","2.695","2.685","2.699","2.661","2.44M","0.45%"
"10/14/2020","2.683","2.695","2.697","2.683","4.66M","-0.45%"
"10/13/2020","2.695","2.695","2.699","2.690","4.50M","0.19%"
"10/12/2020","2.690","2.699","2.699","2.684","11.08M","-0.11%"
"10/11/2020","2.693","2.685","2.693","2.681","4.45M","0.00%"
"10/08/2020","2.693","2.684","2.695","2.683","3.14M","0.30%"
"10/07/2020","2.685","2.671","2.692","2.670","5.09M","0.19%"
"10/06/2020","2.680","2.677","2.690","2.670","2.29M","0.11%"
"10/05/2020","2.677","2.690","2.695","2.675","1.56M","-0.48%"
"10/04/2020","2.690","2.651","2.700","2.651","5.87M","0.00%"
"10/01/2020","2.690","2.697","2.697","2.666","3.49M","-0.15%"
"09/30/2020","2.694","2.665","2.697","2.665","3.99M","1.09%"
"09/29/2020","2.665","2.653","2.700","2.653","6.48M","0.49%"
"09/28/2020","2.652","2.615","2.670","2.615","3.90M","1.45%"
"09/27/2020","2.614","2.620","2.643","2.605","2.83M","0.15%"
"09/24/2020","2.610","2.604","2.625","2.600","5.92M","-0.76%"
"09/23/2020","2.630","2.679","2.679","2.610","7.69M","-1.50%"
"09/22/2020","2.670","2.630","2.690","2.620","6.68M","1.52%"
"09/21/2020","2.630","2.725","2.725","2.620","5.09M","-3.31%"
"09/20/2020","2.720","2.720","2.731","2.712","2.75M","0.00%"
"09/17/2020","2.720","2.730","2.730","2.712","3.09M","-0.04%"
"09/16/2020","2.721","2.718","2.730","2.718","3.17M","0.11%"
"09/15/2020","2.718","2.720","2.730","2.715","3.45M","-0.07%"
"09/14/2020","2.720","2.720","2.724","2.709","3.06M","0.11%"
"09/13/2020","2.717","2.704","2.744","2.704","3.15M","0.48%"
"09/10/2020","2.704","2.676","2.722","2.676","4.95M","1.08%"
"09/09/2020","2.675","2.668","2.689","2.650","3.64M","0.19%"
"09/08/2020","2.670","2.665","2.678","2.651","3.16M","0.34%"
"09/07/2020","2.661","2.601","2.662","2.601","7.72M","1.53%"
"09/06/2020","2.621","2.659","2.670","2.581","7.76M","-2.09%"
"09/03/2020","2.677","2.695","2.695","2.651","4.16M","-0.67%"
"09/02/2020","2.695","2.726","2.727","2.691","9.19M","-1.14%"
"09/01/2020","2.726","2.716","2.738","2.716","7.37M","0.07%"
"08/31/2020","2.724","2.750","2.750","2.720","8.05M","-1.13%"
"08/30/2020","2.755","2.758","2.765","2.751","7.96M","-0.07%"
"08/27/2020","2.757","2.777","2.777","2.753","2.68M","-0.83%"
"08/26/2020","2.780","2.782","2.793","2.778","4.28M","-0.07%"
"08/25/2020","2.782","2.780","2.794","2.780","4.21M","0.07%"
"08/24/2020","2.780","2.793","2.800","2.775","6.14M","-0.47%"
"08/23/2020","2.793","2.790","2.800","2.784","3.26M","-0.21%"
"08/20/2020","2.799","2.800","2.800","2.789","3.48M","-0.36%"
"08/19/2020","2.809","2.795","2.814","2.795","2.06M","0.39%"
"08/18/2020","2.798","2.824","2.840","2.791","12.55M","-0.74%"
"08/17/2020","2.819","2.798","2.819","2.786","15.27M","0.75%"
"08/16/2020","2.798","2.800","2.810","2.788","8.22M","-0.07%"
"08/13/2020","2.800","2.798","2.808","2.789","4.22M","0.36%"
"08/12/2020","2.790","2.813","2.813","2.790","4.52M","-0.82%"
"08/11/2020","2.813","2.789","2.840","2.785","6.02M","1.01%"
"08/10/2020","2.785","2.797","2.810","2.785","2.71M","-0.36%"
"08/09/2020","2.795","2.785","2.799","2.785","1.45M","-0.18%"
"08/06/2020","2.800","2.790","2.800","2.759","3.32M","0.76%"
"08/05/2020","2.779","2.800","2.800","2.765","8.33M","-0.71%"
"07/29/2020","2.799","2.799","2.799","2.777","1.57M","0.14%"
"07/28/2020","2.795","2.760","2.795","2.760","3.54M","1.45%"
"07/27/2020","2.755","2.772","2.772","2.751","1.21M","0.00%"
"07/26/2020","2.755","2.750","2.758","2.725","8.33M","0.11%"
"07/23/2020","2.752","2.775","2.775","2.715","5.47M","-0.90%"
"07/22/2020","2.777","2.797","2.797","2.761","5.10M","0.00%"
"07/21/2020","2.777","2.798","2.920","2.777","10.94M","0.00%"
"07/20/2020","2.777","2.740","2.780","2.735","7.23M","1.35%"
"07/19/2020","2.740","2.760","2.760","2.710","2.86M","-0.98%"
"07/16/2020","2.767","2.799","2.799","2.752","6.40M","0.62%"
"07/15/2020","2.750","2.740","2.785","2.740","3.12M","-0.40%"
"07/14/2020","2.761","2.798","2.844","2.741","6.55M","-1.32%"
"07/13/2020","2.798","2.813","2.825","2.771","7.46M","-0.74%"
"07/12/2020","2.819","2.739","2.880","2.739","13.89M","3.07%"
"07/09/2020","2.735","2.747","2.747","2.673","13.84M","1.26%"
"07/08/2020","2.701","2.657","2.740","2.640","12.39M","1.92%"
"07/07/2020","2.650","2.630","2.650","2.625","11.08M","1.03%"
"07/06/2020","2.623","2.640","2.645","2.622","2.02M","-0.27%"
"07/05/2020","2.630","2.625","2.645","2.580","3.30M","1.19%"
"07/02/2020","2.599","2.600","2.600","2.550","2.57M","-0.04%"
"07/01/2020","2.600","2.612","2.612","2.600","4.18M","-0.42%"
"06/30/2020","2.611","2.610","2.629","2.610","4.49M","0.42%"
"06/29/2020","2.600","2.617","2.640","2.595","7.57M","0.00%"
"06/28/2020","2.600","2.582","2.609","2.574","4.21M","0.70%"
"06/25/2020","2.582","2.555","2.610","2.545","8.47M","0.47%"
"06/24/2020","2.570","2.560","2.570","2.535","7.61M","0.86%"
"06/23/2020","2.548","2.560","2.560","2.532","7.19M","0.31%"
"06/22/2020","2.540","2.521","2.570","2.521","4.64M","0.00%"
"06/21/2020","2.540","2.550","2.550","2.530","1.41M","-0.39%"
"06/18/2020","2.550","2.565","2.569","2.502","7.87M","-0.58%"
"06/17/2020","2.565","2.518","2.570","2.502","4.82M","2.60%"
"06/16/2020","2.500","2.470","2.500","2.470","4.13M","0.93%"
"06/15/2020","2.477","2.488","2.488","2.456","5.97M","0.16%"
"06/14/2020","2.473","2.480","2.485","2.460","2.60M","-0.68%"
"06/11/2020","2.490","2.491","2.560","2.476","11.17M","-0.40%"
"06/10/2020","2.500","2.485","2.510","2.480","10.04M","0.77%"
"06/09/2020","2.481","2.496","2.518","2.470","3.97M","-0.56%"
"06/08/2020","2.495","2.460","2.530","2.460","16.03M","1.42%"
"06/07/2020","2.460","2.459","2.470","2.450","2.06M","0.41%"
"06/04/2020","2.450","2.433","2.457","2.433","4.91M","0.00%"
"06/03/2020","2.450","2.407","2.460","2.407","11.16M","1.91%"
"06/02/2020","2.404","2.450","2.485","2.401","21.85M","1.69%"
"06/01/2020","2.364","2.399","2.405","2.350","11.40M","-1.46%"
"05/31/2020","2.399","2.379","2.413","2.325","7.70M","4.30%"
"05/21/2020","2.300","2.319","2.340","2.242","55.32M","0.00%"
"05/20/2020","2.300","2.400","2.400","2.270","26.54M","-4.21%"
"05/19/2020","2.401","2.402","2.433","2.389","4.28M","0.00%"
"05/18/2020","2.401","2.410","2.410","2.386","5.18M","0.25%"
"05/17/2020","2.395","2.378","2.449","2.365","15.26M","1.27%"
"05/14/2020","2.365","2.289","2.439","2.251","24.63M","0.68%"
"05/13/2020","2.349","2.355","2.460","2.349","26.75M","-9.97%"
"05/12/2020","2.609","2.669","2.669","2.600","6.83M","-2.25%"
"05/11/2020","2.669","2.601","2.670","2.601","5.83M","1.10%"
"05/10/2020","2.640","2.650","2.664","2.626","4.46M","0.08%"
"05/07/2020","2.638","2.620","2.639","2.587","6.91M","1.46%"
"05/06/2020","2.600","2.742","2.743","2.580","14.25M","-4.41%"
"05/05/2020","2.720","2.650","2.760","2.650","22.37M","3.86%"
"05/04/2020","2.619","2.480","2.650","2.480","20.55M","5.56%"
"05/03/2020","2.481","2.500","2.510","2.480","2.36M","-0.68%"
"04/30/2020","2.498","2.550","2.550","2.490","4.14M","-2.15%"
"04/29/2020","2.553","2.500","2.570","2.500","6.31M","2.16%"
"04/28/2020","2.499","2.327","2.499","2.327","18.70M","4.17%"
"04/27/2020","2.399","2.378","2.435","2.359","8.37M","1.70%"
"04/26/2020","2.359","2.390","2.390","2.327","1.38M","0.38%"
"04/23/2020","2.350","2.270","2.390","2.239","16.90M","6.82%"
"04/22/2020","2.200","2.160","2.215","2.150","21.01M","1.85%"
"04/21/2020","2.160","2.166","2.175","2.155","4.89M","-0.28%"
"04/20/2020","2.166","2.150","2.168","2.150","6.62M","-0.18%"
"04/19/2020","2.170","2.156","2.170","2.155","2.77M","0.93%"
"04/16/2020","2.150","2.156","2.179","2.150","2.03M","-0.28%"
"04/15/2020","2.156","2.199","2.199","2.155","4.13M","-1.01%"
"04/14/2020","2.178","2.177","2.180","2.154","4.65M","1.11%"
"04/13/2020","2.154","2.160","2.189","2.150","2.86M","-1.64%"
"04/12/2020","2.190","2.202","2.222","2.188","735.50K","-0.68%"
"04/09/2020","2.205","2.210","2.212","2.161","3.33M","-0.23%"
"04/08/2020","2.210","2.161","2.224","2.161","3.30M","0.68%"
"04/07/2020","2.195","2.135","2.213","2.135","12.18M","3.05%"
"04/06/2020","2.130","2.100","2.170","2.088","8.97M","2.16%"
"04/05/2020","2.085","2.073","2.100","2.073","1.16M","0.05%"
"04/02/2020","2.084","2.078","2.084","2.060","1.69M","0.82%"
"04/01/2020","2.067","2.090","2.090","2.067","2.95M","-1.52%"
"03/31/2020","2.099","2.016","2.099","2.012","2.54M","2.39%"
"03/30/2020","2.050","2.099","2.099","1.990","5.45M","-0.97%"
"03/29/2020","2.070","2.072","2.100","2.064","3.70M","-0.72%"
"03/26/2020","2.085","2.090","2.110","2.085","4.18M","-0.67%"
"03/25/2020","2.099","2.068","2.120","2.068","7.10M","1.60%"
"03/24/2020","2.066","2.066","2.073","2.065","2.89M","-0.19%"
"03/23/2020","2.070","2.072","2.093","2.069","5.01M","-1.48%"
"03/22/2020","2.101","2.099","2.110","2.090","1.33M","0.05%"
"03/19/2020","2.100","2.053","2.103","2.050","9.87M","0.00%"
"03/18/2020","2.100","2.010","2.120","2.010","10.12M","3.96%"
"03/17/2020","2.020","2.008","2.021","2.008","7.32M","0.10%"
"03/16/2020","2.018","2.000","2.128","1.991","4.33M","3.12%"
"03/15/2020","1.957","1.915","1.979","1.836","4.51M","1.14%"
"03/12/2020","1.935","1.917","2.000","1.917","16.71M","-9.11%"
"03/11/2020","2.129","2.065","2.129","2.015","14.05M","-1.66%"
"03/10/2020","2.165","1.973","2.167","1.973","5.89M","9.90%"
"03/09/2020","1.970","2.000","2.000","1.961","5.77M","-9.55%"
"03/08/2020","2.178","2.197","2.197","2.150","2.03M","-1.89%"
"03/05/2020","2.220","2.179","2.244","2.179","1.71M","0.91%"
"03/04/2020","2.200","2.247","2.247","2.200","1.38M","-0.90%"
"03/03/2020","2.220","2.151","2.220","2.151","1.30M","2.30%"
"03/02/2020","2.170","2.130","2.189","2.100","6.22M","-0.91%"
"02/27/2020","2.190","2.170","2.190","2.120","2.79M","0.00%"
"02/26/2020","2.190","2.158","2.190","2.158","524.00K","0.09%"
"02/25/2020","2.188","2.190","2.190","2.155","2.78M","0.00%"
"02/24/2020","2.188","2.199","2.200","2.150","1.65M","-1.44%"
"02/23/2020","2.220","2.231","2.239","2.219","1.32M","-1.33%"
"02/20/2020","2.250","2.220","2.250","2.210","2.32M","1.35%"
"02/19/2020","2.220","2.174","2.220","2.174","1.80M","1.37%"
"02/18/2020","2.190","2.160","2.250","2.160","7.37M","2.29%"
"02/17/2020","2.141","2.120","2.188","2.120","2.34M","1.90%"
"02/16/2020","2.101","2.130","2.150","2.035","946.74K","-1.36%"
"02/13/2020","2.130","2.100","2.160","2.100","2.44M","-0.93%"
"02/12/2020","2.150","2.100","2.170","2.050","3.71M","2.38%"
"02/10/2020","2.100","2.140","2.190","2.100","4.03M","-3.67%"
"02/09/2020","2.180","2.240","2.240","2.150","3.68M","-1.80%"
"02/06/2020","2.220","2.300","2.300","2.210","2.03M","-3.48%"
"02/05/2020","2.300","2.310","2.350","2.250","2.26M","-0.43%"
"02/04/2020","2.310","2.310","2.320","2.300","2.83M","-0.43%"
"02/03/2020","2.320","2.350","2.360","2.320","3.59M","-1.69%"
"02/02/2020","2.360","2.380","2.390","2.330","2.18M","-0.84%"
"01/30/2020","2.380","2.400","2.410","2.370","3.68M","-0.83%"
"01/29/2020","2.400","2.400","2.410","2.380","580.96K","0.42%"
"01/28/2020","2.390","2.400","2.410","2.390","1.07M","-0.42%"
"01/27/2020","2.400","2.400","2.430","2.380","329.76K","0.00%"
"01/26/2020","2.400","2.410","2.410","2.390","2.90M","-1.23%"
"01/23/2020","2.430","2.440","2.440","2.410","2.85M","-1.22%"
"01/22/2020","2.460","2.420","2.460","2.420","3.58M","0.41%"
"01/21/2020","2.450","2.440","2.460","2.400","2.72M","0.41%"
"01/20/2020","2.440","2.450","2.450","2.410","3.71M","-0.41%"
"01/19/2020","2.450","2.430","2.450","2.410","4.93M","0.82%"
"01/16/2020","2.430","2.380","2.430","2.380","2.50M","1.25%"
"01/15/2020","2.400","2.410","2.410","2.370","602.65K","-0.83%"
"01/14/2020","2.420","2.380","2.420","2.380","1.84M","0.83%"
"01/13/2020","2.400","2.350","2.420","2.350","5.84M","1.27%"
"01/12/2020","2.370","2.350","2.400","2.350","534.19K","0.85%"
"01/09/2020","2.350","2.340","2.380","2.340","3.43M","0.43%"
"01/08/2020","2.340","2.350","2.360","2.300","1.35M","-1.68%"
"01/07/2020","2.380","2.350","2.390","2.350","715.38K","0.85%"
"01/06/2020","2.360","2.320","2.370","2.320","4.76M","0.85%"
"01/05/2020","2.340","2.390","2.390","2.300","3.82M","-3.31%"
"01/02/2020","2.420","2.410","2.440","2.410","943.83K","1.26%"
"12/31/2019","2.390","2.440","2.450","2.380","9.03M","-2.45%"
"12/30/2019","2.450","2.450","2.470","2.450","570.00K","0.00%"
"12/29/2019","2.450","2.460","2.480","2.450","3.60M","-0.41%"
"12/26/2019","2.460","2.460","2.470","2.450","856.99K","-0.81%"
"12/25/2019","2.480","2.470","2.480","2.450","1.59M","0.00%"
"12/24/2019","2.480","2.450","2.480","2.450","2.63M","0.40%"
"12/23/2019","2.470","2.460","2.480","2.440","3.25M","0.41%"
"12/22/2019","2.460","2.430","2.470","2.430","2.56M","1.23%"
"12/17/2019","2.430","2.450","2.450","2.420","3.42M","-0.82%"
"12/16/2019","2.450","2.430","2.450","2.420","1.83M","0.00%"
"12/15/2019","2.450","2.440","2.450","2.430","989.45K","0.00%"
"12/12/2019","2.450","2.460","2.480","2.450","2.87M","-0.81%"
"12/11/2019","2.470","2.460","2.490","2.400","4.62M","-0.80%"
"12/10/2019","2.490","2.450","2.490","2.450","813.28K","0.40%"
"12/09/2019","2.480","2.460","2.480","2.450","1.26M","0.00%"
"12/08/2019","2.480","2.490","2.500","2.480","637.31K","-1.20%"
"12/05/2019","2.510","2.500","2.510","2.470","2.59M","0.00%"
"12/04/2019","2.510","2.510","2.530","2.500","5.25M","-0.79%"
"12/03/2019","2.530","2.520","2.530","2.520","1.54M","0.00%"
"12/02/2019","2.530","2.520","2.540","2.500","1.88M","0.40%"
"12/01/2019","2.520","2.520","2.530","2.510","712.91K","-0.40%"
"11/28/2019","2.530","2.480","2.530","2.480","2.27M","1.61%"
"11/27/2019","2.490","2.500","2.500","2.470","1.90M","-0.40%"
"11/26/2019","2.500","2.520","2.530","2.490","1.50M","-0.79%"
"11/25/2019","2.520","2.510","2.520","2.490","1.06M","0.00%"
"11/24/2019","2.520","2.480","2.520","2.480","756.14K","0.40%"
"11/21/2019","2.510","2.470","2.510","2.470","1.27M","0.40%"
"11/20/2019","2.500","2.480","2.500","2.470","846.62K","0.40%"
"11/19/2019","2.490","2.460","2.490","2.450","1.31M","1.22%"
"11/18/2019","2.460","2.460","2.490","2.460","1.56M","-0.40%"
"11/17/2019","2.470","2.470","2.480","2.470","411.95K","-1.20%"
"11/14/2019","2.500","2.470","2.500","2.450","3.14M","0.00%"
"11/13/2019","2.500","2.420","2.500","2.420","2.05M","1.63%"
"11/12/2019","2.460","2.450","2.460","2.430","980.96K","0.41%"
"11/11/2019","2.450","2.460","2.470","2.440","1.29M","-1.61%"
"11/10/2019","2.490","2.460","2.490","2.440","458.50K","0.00%"
"11/07/2019","2.490","2.450","2.490","2.450","1.04M","0.40%"
"11/06/2019","2.480","2.450","2.480","2.430","747.06K","1.22%"
"11/05/2019","2.450","2.450","2.490","2.450","980.71K","-1.61%"
"11/04/2019","2.490","2.470","2.490","2.450","1.33M","1.22%"
"11/03/2019","2.460","2.480","2.480","2.460","517.51K","-0.40%"
"10/31/2019","2.470","2.460","2.490","2.460","2.68M","-1.20%"
"10/30/2019","2.500","2.470","2.500","2.460","2.29M","0.00%"
"10/29/2019","2.500","2.490","2.500","2.440","3.50M","-0.40%"
"10/28/2019","2.510","2.480","2.510","2.480","785.78K","0.00%"
"10/27/2019","2.510","2.460","2.510","2.460","3.20M","0.40%"
"10/24/2019","2.500","2.460","2.500","2.460","2.59M","0.81%"
"10/23/2019","2.480","2.440","2.480","2.440","670.71K","0.00%"
"10/22/2019","2.480","2.480","2.490","2.460","707.73K","-0.40%"
"10/21/2019","2.490","2.480","2.490","2.450","4.17M","0.40%"
"10/20/2019","2.480","2.480","2.490","2.470","541.83K","0.00%"
"10/17/2019","2.480","2.470","2.490","2.470","3.13M","0.81%"
"10/16/2019","2.460","2.450","2.480","2.440","4.28M","0.82%"
"10/15/2019","2.440","2.410","2.440","2.370","2.08M","1.24%"
"10/14/2019","2.410","2.330","2.410","2.330","3.25M","2.55%"
"10/13/2019","2.350","2.330","2.350","2.310","192.02K","0.43%"
"10/10/2019","2.340","2.320","2.360","2.320","1.81M","-0.43%"
"10/09/2019","2.350","2.340","2.350","2.320","1.65M","0.43%"
"10/08/2019","2.340","2.360","2.360","2.320","2.21M","-1.27%"
"10/07/2019","2.370","2.360","2.370","2.350","421.38K","0.00%"
"10/06/2019","2.370","2.350","2.370","2.350","345.94K","-0.42%"
"10/03/2019","2.380","2.360","2.380","2.350","899.05K","-0.83%"
"10/02/2019","2.400","2.360","2.400","2.360","1.34M","-0.41%"
"10/01/2019","2.410","2.400","2.410","2.370","936.70K","0.00%"
"09/30/2019","2.410","2.350","2.410","2.340","2.02M","1.26%"
"09/29/2019","2.380","2.340","2.380","2.340","3.79M","0.00%"
"09/26/2019","2.380","2.350","2.390","2.340","1.13M","0.00%"
"09/25/2019","2.380","2.300","2.380","2.300","2.95M","3.48%"
"09/24/2019","2.300","2.330","2.340","2.300","1.01M","-1.71%"
"09/23/2019","2.340","2.350","2.350","2.310","659.52K","-1.68%"
"09/22/2019","2.380","2.390","2.390","2.280","1.53M","0.00%"
"09/19/2019","2.380","2.400","2.430","2.380","6.65M","-2.06%"
"09/18/2019","2.430","2.370","2.430","2.370","4.88M","0.41%"
"09/17/2019","2.420","2.420","2.440","2.410","6.93M","-1.22%"
"09/16/2019","2.450","2.450","2.450","2.410","6.08M","0.00%"
"09/15/2019","2.450","2.450","2.460","2.440","6.31M","0.00%"
"09/12/2019","2.450","2.430","2.460","2.430","2.23M","0.00%"
"09/11/2019","2.450","2.450","2.470","2.420","5.91M","0.00%"
"09/10/2019","2.450","2.430","2.450","2.420","4.31M","0.41%"
"09/09/2019","2.440","2.420","2.460","2.400","5.69M","0.41%"
"09/08/2019","2.430","2.430","2.450","2.410","5.53M","0.00%"
"09/05/2019","2.430","2.390","2.430","2.390","5.33M","1.25%"
"09/04/2019","2.400","2.380","2.400","2.370","6.19M","0.84%"
"09/03/2019","2.380","2.380","2.390","2.360","6.17M","0.42%"
"09/02/2019","2.370","2.390","2.390","2.360","3.44M","0.00%"
"09/01/2019","2.370","2.350","2.380","2.340","2.32M","-0.42%"
"08/29/2019","2.380","2.280","2.380","2.280","5.62M","3.03%"
"08/28/2019","2.310","2.270","2.320","2.270","6.04M","0.43%"
"08/27/2019","2.300","2.300","2.310","2.270","2.65M","0.44%"
"08/26/2019","2.290","2.300","2.310","2.280","12.31M","-0.43%"
"08/25/2019","2.300","2.230","2.300","2.230","4.62M","0.00%"
"08/22/2019","2.300","2.250","2.310","2.250","2.71M","0.44%"
"08/21/2019","2.290","2.260","2.310","2.260","3.32M","0.44%"
"08/20/2019","2.280","2.220","2.280","2.210","1.61M","1.33%"
"08/19/2019","2.250","2.250","2.260","2.230","4.57M","0.45%"
"08/18/2019","2.240","2.200","2.260","2.170","1.86M","1.82%"
"08/15/2019","2.200","2.110","2.200","2.100","3.25M","0.46%"
"08/14/2019","2.190","2.230","2.230","2.130","1.71M","-0.45%"
"08/08/2019","2.200","2.210","2.290","2.190","3.78M","-3.51%"
"08/07/2019","2.280","2.190","2.280","2.190","2.36M","4.11%"
"08/06/2019","2.190","2.210","2.250","2.190","2.43M","-4.78%"
"08/05/2019","2.300","2.290","2.300","2.180","2.06M","0.00%"
"08/04/2019","2.300","2.300","2.300","2.250","1.69M","0.88%"
"08/01/2019","2.280","2.310","2.340","2.200","1.88M","-3.39%"
"07/31/2019","2.360","2.350","2.360","2.320","2.57M","0.43%"
"07/30/2019","2.350","2.350","2.360","2.340","1.96M","-0.84%"
"07/29/2019","2.370","2.350","2.370","2.350","1.02M","0.85%"
"07/28/2019","2.350","2.380","2.380","2.350","1.83M","-1.26%"
"07/25/2019","2.380","2.370","2.390","2.360","1.25M","-0.42%"
"07/24/2019","2.390","2.400","2.420","2.370","4.52M","-0.42%"
"07/23/2019","2.400","2.390","2.420","2.390","2.46M","-1.64%"
"07/22/2019","2.440","2.420","2.460","2.380","3.95M","-0.41%"
"07/21/2019","2.450","2.420","2.510","2.420","5.70M","1.66%"
"07/18/2019","2.410","2.360","2.410","2.350","1.88M","1.26%"
"07/17/2019","2.380","2.360","2.420","2.360","1.88M","0.00%"
"07/16/2019","2.380","2.330","2.390","2.300","1.78M","2.15%"
"07/15/2019","2.330","2.300","2.330","2.280","1.82M","0.87%"
"07/14/2019","2.310","2.290","2.350","2.290","1.93M","0.00%"
"07/11/2019","2.310","2.270","2.310","2.240","5.81M","2.21%"
"07/10/2019","2.260","2.260","2.280","2.220","7.85M","0.00%"
"07/09/2019","2.260","2.190","2.260","2.190","2.65M","2.73%"
"07/08/2019","2.200","2.240","2.260","2.200","6.33M","-1.35%"
"07/07/2019","2.230","2.260","2.270","2.200","1.46M","-1.55%"
"07/04/2019","2.265","2.260","2.281","2.225","2.28M","0.22%"
"07/03/2019","2.260","2.276","2.300","2.255","6.09M","-1.74%"
"07/02/2019","2.300","2.256","2.300","2.256","1.93M","0.00%"
"07/01/2019","2.300","2.300","2.329","2.250","1.27M","-0.39%"
"06/30/2019","2.309","2.301","2.309","2.300","2.82M","-0.04%"
"06/27/2019","2.310","2.300","2.310","2.296","8.06M","0.43%"
"06/26/2019","2.300","2.299","2.306","2.299","2.90M","0.00%"
"06/25/2019","2.300","2.340","2.340","2.293","5.57M","-0.09%"
"06/24/2019","2.302","2.262","2.340","2.262","10.10M","1.86%"
"06/23/2019","2.260","2.262","2.272","2.240","19.83M","-0.40%"
"06/20/2019","2.269","2.215","2.269","2.215","7.83M","2.44%"
"06/19/2019","2.215","2.180","2.225","2.135","7.27M","1.61%"
"06/18/2019","2.180","2.150","2.180","2.150","7.98M","0.05%"
"06/17/2019","2.179","2.128","2.190","2.128","6.78M","-0.05%"
"06/16/2019","2.180","2.141","2.180","2.141","1.56M","-0.05%"
"06/13/2019","2.181","2.167","2.187","2.165","1.49M","-0.09%"
"06/12/2019","2.183","2.160","2.193","2.160","628.95K","0.37%"
"06/11/2019","2.175","2.192","2.200","2.171","2.02M","-0.78%"
"06/10/2019","2.192","2.057","2.200","2.057","3.76M","1.95%"
"06/09/2019","2.150","2.101","2.150","2.100","1.60M","-0.09%"
"06/03/2019","2.152","2.076","2.160","2.076","2.12M","1.08%"
"06/02/2019","2.129","2.110","2.145","2.051","1.47M","-0.79%"
"05/30/2019","2.146","2.020","2.146","2.020","8.40M","4.94%"
"05/29/2019","2.045","2.003","2.045","2.000","4.77M","2.30%"
"05/28/2019","1.999","2.021","2.073","1.999","7.02M","-1.09%"
"05/27/2019","2.021","2.031","2.040","2.000","2.71M","-0.49%"
"05/26/2019","2.031","2.040","2.060","2.010","716.56K","-2.07%"
"05/23/2019","2.074","2.099","2.099","2.029","1.89M","0.00%"
"05/22/2019","2.074","2.055","2.100","2.055","4.60M","-1.24%"
"05/21/2019","2.100","2.150","2.200","2.051","5.08M","-2.33%"
"05/20/2019","2.150","2.035","2.210","2.035","9.78M","3.86%"
"05/19/2019","2.070","2.098","2.098","2.026","1.73M","-0.48%"
"05/16/2019","2.080","2.060","2.102","2.053","4.64M","0.97%"
"05/15/2019","2.060","2.056","2.099","2.056","2.46M","-0.24%"
"05/14/2019","2.065","2.001","2.120","2.000","5.20M","2.69%"
"05/13/2019","2.011","2.090","2.099","1.944","5.36M","-3.78%"
"05/12/2019","2.090","2.130","2.131","2.071","1.43M","-2.75%"
"05/09/2019","2.149","2.168","2.200","2.149","2.84M","-2.10%"
"05/08/2019","2.195","2.213","2.225","2.175","3.40M","-0.99%"
"05/07/2019","2.217","2.185","2.219","2.185","3.40M","0.77%"
"05/06/2019","2.200","2.220","2.220","2.170","1.88M","-0.90%"
"05/05/2019","2.220","2.200","2.250","2.200","2.40M","0.91%"
"05/02/2019","2.200","2.150","2.200","2.150","6.17M","3.14%"
"05/01/2019","2.133","2.135","2.150","2.131","828.60K","-0.42%"
"04/30/2019","2.142","2.142","2.180","2.141","1.33M","-0.83%"
"04/29/2019","2.160","2.200","2.225","2.150","5.11M","-2.04%"
"04/28/2019","2.205","2.220","2.230","2.193","3.58M","-1.34%"
"04/25/2019","2.235","2.225","2.250","2.206","2.08M","0.68%"
"04/24/2019","2.220","2.190","2.261","2.161","4.35M","1.37%"
"04/23/2019","2.190","2.159","2.191","2.159","3.31M","2.34%"
"04/22/2019","2.140","2.130","2.150","2.130","569.54K","0.33%"
"04/21/2019","2.133","2.108","2.170","2.108","3.05M","0.33%"
"04/18/2019","2.126","2.108","2.137","2.100","1.47M","0.14%"
"04/17/2019","2.123","2.130","2.130","2.080","2.41M","-0.09%"
"04/16/2019","2.125","2.070","2.130","2.030","4.22M","2.66%"
"04/15/2019","2.070","2.055","2.070","2.025","2.13M","-0.96%"
"04/14/2019","2.090","2.083","2.090","2.045","967.80K","-0.90%"
"04/11/2019","2.109","2.125","2.149","2.053","2.33M","-0.57%"
"04/10/2019","2.121","2.161","2.190","2.121","1.74M","-2.75%"
"04/09/2019","2.181","2.185","2.190","2.155","1.01M","-0.86%"
"04/08/2019","2.200","2.214","2.220","2.190","943.03K","-0.59%"
"04/07/2019","2.213","2.250","2.250","2.183","3.11M","0.36%"
"04/04/2019","2.205","2.105","2.270","2.105","13.84M","4.50%"
"04/03/2019","2.110","2.076","2.140","2.075","12.14M","0.96%"
"04/02/2019","2.090","2.093","2.109","2.070","4.04M","0.05%"
"04/01/2019","2.089","2.056","2.099","2.056","2.70M","0.92%"
"03/31/2019","2.070","2.080","2.080","2.043","663.06K","-0.48%"
"03/28/2019","2.080","2.010","2.110","2.010","5.47M","4.00%"
"03/27/2019","2.000","1.965","2.011","1.965","6.01M","1.11%"
"03/26/2019","1.978","1.975","1.987","1.961","2.66M","0.15%"
"03/25/2019","1.975","1.955","1.975","1.951","2.32M","1.02%"
"03/24/2019","1.955","1.999","2.029","1.955","4.04M","-1.76%"
"03/21/2019","1.990","1.950","2.000","1.936","4.45M","1.02%"
"03/20/2019","1.970","1.900","1.999","1.900","6.11M","-2.48%"
"03/19/2019","2.020","2.019","2.039","2.019","1.98M","0.05%"
"03/18/2019","2.019","2.021","2.080","2.019","1.81M","-1.03%"
"03/17/2019","2.040","2.006","2.041","2.006","2.58M","2.00%"
"03/14/2019","2.000","2.030","2.050","2.000","5.35M","-2.34%"
"03/13/2019","2.048","2.023","2.055","2.023","1.26M","1.34%"
"03/12/2019","2.021","2.001","2.060","2.001","6.13M","1.05%"
"03/11/2019","2.000","2.000","2.010","1.991","1.89M","0.00%"
"03/10/2019","2.000","2.012","2.015","1.976","2.11M","-1.67%"
"03/07/2019","2.034","2.008","2.047","2.008","1.68M","0.25%"
"03/06/2019","2.029","2.018","2.033","2.000","2.47M","0.00%"
"03/05/2019","2.029","2.046","2.050","2.016","4.20M","-0.83%"
"03/04/2019","2.046","1.990","2.050","1.900","4.60M","2.30%"
"02/28/2019","2.000","2.014","2.030","1.993","1.89M","-0.74%"
"02/27/2019","2.015","2.002","2.019","2.000","2.97M","0.20%"
"02/26/2019","2.011","1.969","2.022","1.969","5.29M","2.13%"
"02/25/2019","1.969","1.915","1.970","1.915","1.95M","1.49%"
"02/24/2019","1.940","1.877","1.969","1.877","3.27M","2.27%"
"02/21/2019","1.897","1.900","1.900","1.881","1.55M","0.37%"
"02/20/2019","1.890","1.900","1.904","1.875","2.30M","-0.47%"
"02/19/2019","1.899","1.890","1.918","1.880","1.43M","0.26%"
"02/18/2019","1.894","1.950","1.950","1.885","6.25M","-2.32%"
"02/17/2019","1.939","1.942","1.985","1.921","1.43M","-1.52%"
"02/14/2019","1.969","1.951","1.992","1.950","2.50M","-1.06%"
"02/13/2019","1.990","1.950","2.000","1.950","2.35M","2.05%"
"02/11/2019","1.950","1.951","1.970","1.950","1.27M","0.00%"
"02/10/2019","1.950","1.961","1.999","1.950","929.11K","-1.76%"
"02/07/2019","1.985","2.051","2.078","1.985","3.24M","-4.57%"
"02/06/2019","2.080","2.086","2.086","2.052","903.66K","0.68%"
"02/05/2019","2.066","2.078","2.110","2.050","4.41M","0.54%"
"02/04/2019","2.055","1.964","2.055","1.940","8.47M","4.58%"
"02/03/2019","1.965","2.000","2.000","1.962","4.49M","-1.70%"
"01/31/2019","1.999","2.000","2.035","1.983","3.13M","-0.05%"
"01/30/2019","2.000","1.940","2.000","1.940","4.26M","2.30%"
"01/29/2019","1.955","1.910","1.955","1.900","5.37M","3.17%"
"01/28/2019","1.895","1.929","1.929","1.870","8.20M","0.58%"
"01/27/2019","1.884","1.856","1.912","1.856","1.80M","0.48%"
"01/24/2019","1.875","1.855","1.888","1.855","2.96M","0.81%"
"01/23/2019","1.860","1.876","1.890","1.853","3.15M","-1.64%"
"01/22/2019","1.891","1.920","1.958","1.890","3.60M","-1.56%"
"01/21/2019","1.921","1.952","1.960","1.921","2.46M","-1.99%"
"01/20/2019","1.960","1.986","2.030","1.956","4.04M","-1.46%"
"01/17/2019","1.989","1.910","2.029","1.910","7.23M","3.59%"
"01/16/2019","1.920","1.863","1.930","1.842","9.28M","2.89%"
"01/15/2019","1.866","1.840","1.870","1.840","2.54M","0.11%"
"01/14/2019","1.864","1.833","1.864","1.833","2.53M","1.03%"
"01/13/2019","1.845","1.851","1.851","1.832","1.59M","-0.27%"
"01/10/2019","1.850","1.817","1.863","1.817","2.07M","0.00%"
"01/09/2019","1.850","1.830","1.885","1.815","6.66M","0.60%"
"01/08/2019","1.839","1.840","1.840","1.812","2.46M","-0.05%"
"01/07/2019","1.840","1.778","1.850","1.778","2.65M","2.34%"
"01/06/2019","1.798","1.790","1.805","1.790","317.41K","0.45%"
"01/03/2019","1.790","1.770","1.801","1.770","1.18M","0.56%"
"01/02/2019","1.780","1.790","1.810","1.770","2.40M","-0.73%"
"12/31/2018","1.793","1.830","1.830","1.791","3.55M","-2.02%"
"12/30/2018","1.830","1.810","1.830","1.810","1.01M","1.10%"
"12/27/2018","1.810","1.807","1.830","1.807","1.28M","0.44%"
"12/26/2018","1.802","1.800","1.820","1.790","1.06M","-0.44%"
"12/25/2018","1.810","1.821","1.821","1.800","2.09M","-1.04%"
"12/24/2018","1.829","1.822","1.835","1.822","3.96M","-0.05%"
"12/23/2018","1.830","1.830","1.856","1.830","1.67M","-1.08%"
"12/20/2018","1.850","1.845","1.866","1.845","3.59M","-0.54%"
"12/19/2018","1.860","1.820","1.860","1.820","4.40M","0.27%"
"12/17/2018","1.855","1.843","1.865","1.830","3.92M","0.11%"
"12/16/2018","1.853","1.870","1.870","1.815","5.08M","-0.86%"
"12/13/2018","1.869","1.841","1.869","1.830","3.87M","0.70%"
"12/12/2018","1.856","1.845","1.865","1.845","1.56M","0.32%"
"12/11/2018","1.850","1.860","1.860","1.832","4.26M","-0.43%"
"12/10/2018","1.858","1.860","1.890","1.848","11.90M","-0.11%"
"12/09/2018","1.860","1.855","1.869","1.855","2.31M","0.54%"
"12/06/2018","1.850","1.840","1.865","1.840","3.81M","0.00%"
"12/05/2018","1.850","1.850","1.865","1.839","3.77M","0.11%"
"12/04/2018","1.848","1.835","1.860","1.835","8.55M","0.71%"
"12/03/2018","1.835","1.799","1.840","1.799","6.51M","2.00%"
"12/02/2018","1.799","1.810","1.814","1.799","1.38M","-0.61%"
"11/29/2018","1.810","1.801","1.819","1.801","2.33M","0.28%"
"11/28/2018","1.805","1.800","1.829","1.800","1.74M","-0.61%"
"11/27/2018","1.816","1.810","1.823","1.810","2.69M","0.61%"
"11/26/2018","1.805","1.778","1.812","1.778","3.15M","0.28%"
"11/25/2018","1.800","1.786","1.800","1.770","1.51M","0.56%"
"11/22/2018","1.790","1.799","1.814","1.790","2.65M","0.34%"
"11/21/2018","1.784","1.771","1.789","1.771","331.92K","0.00%"
"11/20/2018","1.784","1.781","1.790","1.781","510.64K","-0.72%"
"11/19/2018","1.797","1.766","1.800","1.766","3.98M","0.96%"
"11/18/2018","1.780","1.772","1.790","1.770","1.48M","-0.39%"
"11/15/2018","1.787","1.798","1.798","1.778","640.48K","0.34%"
"11/14/2018","1.781","1.774","1.798","1.760","3.84M","-0.95%"
"11/13/2018","1.798","1.798","1.798","1.776","12.09M","0.00%"
"11/12/2018","1.798","1.771","1.798","1.771","4.51M","0.95%"
"11/11/2018","1.781","1.799","1.799","1.770","2.64M","-0.50%"
"11/08/2018","1.790","1.776","1.800","1.776","7.84M","0.00%"
"11/07/2018","1.790","1.808","1.808","1.771","2.82M","-0.33%"
"11/06/2018","1.796","1.780","1.809","1.776","4.25M","0.90%"
"11/05/2018","1.780","1.757","1.793","1.757","4.23M","0.85%"
"11/04/2018","1.765","1.757","1.778","1.755","2.37M","-0.79%"
"11/01/2018","1.779","1.748","1.780","1.740","4.46M","1.95%"
"10/31/2018","1.745","1.710","1.750","1.710","3.38M","-0.80%"
"10/30/2018","1.759","1.760","1.762","1.743","3.21M","-0.96%"
"10/29/2018","1.776","1.761","1.778","1.755","2.78M","0.34%"
"10/28/2018","1.770","1.770","1.787","1.763","4.29M","0.00%"
"10/25/2018","1.770","1.770","1.800","1.762","5.24M","-1.56%"
"10/24/2018","1.798","1.815","1.825","1.785","9.53M","-0.94%"
"10/23/2018","1.815","1.761","1.845","1.761","9.61M","2.08%"
"10/22/2018","1.778","1.779","1.803","1.750","11.26M","0.97%"
"10/21/2018","1.761","1.785","1.785","1.761","2.22M","-0.56%"
"10/18/2018","1.771","1.790","1.790","1.766","2.40M","-1.06%"
"10/17/2018","1.790","1.761","1.798","1.761","1.59M","0.11%"
"10/16/2018","1.788","1.740","1.790","1.740","3.12M","2.76%"
"10/15/2018","1.740","1.717","1.765","1.717","3.42M","-0.06%"
"10/14/2018","1.741","1.730","1.754","1.728","1.22M","-0.23%"
"10/11/2018","1.745","1.770","1.775","1.745","7.91M","-2.79%"
"10/10/2018","1.795","1.800","1.803","1.765","11.41M","0.22%"
"10/09/2018","1.791","1.799","1.799","1.775","609.33K","0.28%"
"10/08/2018","1.786","1.775","1.800","1.775","3.31M","-0.22%"
"10/07/2018","1.790","1.790","1.800","1.767","3.20M","0.28%"
"10/04/2018","1.785","1.780","1.795","1.775","9.50M","0.28%"
"10/03/2018","1.780","1.760","1.790","1.760","7.92M","0.91%"
"10/02/2018","1.764","1.730","1.765","1.730","1.80M","0.80%"
"10/01/2018","1.750","1.721","1.757","1.721","2.48M","1.39%"
"09/30/2018","1.726","1.725","1.745","1.711","4.13M","0.52%"
"09/27/2018","1.717","1.731","1.753","1.716","4.25M","-1.94%"
"09/26/2018","1.751","1.750","1.768","1.750","2.29M","-0.51%"
"09/25/2018","1.760","1.762","1.770","1.760","3.30M","-0.40%"
"09/24/2018","1.767","1.781","1.781","1.762","1.61M","-0.56%"
"09/23/2018","1.777","1.790","1.790","1.756","985.16K","-0.17%"
"09/20/2018","1.780","1.752","1.780","1.752","4.86M","0.56%"
"09/19/2018","1.770","1.767","1.773","1.751","1.54M","0.17%"
"09/18/2018","1.767","1.779","1.779","1.750","982.29K","-0.17%"
"09/17/2018","1.770","1.777","1.777","1.750","1.82M","0.57%"
"09/16/2018","1.760","1.774","1.774","1.757","1.88M","-0.79%"
"09/13/2018","1.774","1.769","1.778","1.755","3.30M","0.68%"
"09/12/2018","1.762","1.736","1.762","1.736","6.19M","1.50%"
"09/11/2018","1.736","1.732","1.755","1.727","10.08M","0.23%"
"09/10/2018","1.732","1.723","1.738","1.723","2.19M","0.41%"
"09/09/2018","1.725","1.708","1.740","1.708","1.32M","0.29%"
"09/06/2018","1.720","1.720","1.740","1.720","1.85M","-0.06%"
"09/05/2018","1.721","1.740","1.750","1.721","3.45M","-1.66%"
"09/04/2018","1.750","1.745","1.758","1.743","6.75M","0.52%"
"09/03/2018","1.741","1.745","1.746","1.735","3.02M","-0.23%"
"09/02/2018","1.745","1.740","1.760","1.735","5.42M","-0.23%"
"08/30/2018","1.749","1.720","1.769","1.711","13.18M","1.27%"
"08/29/2018","1.727","1.701","1.740","1.701","18.24M","0.64%"
"08/28/2018","1.716","1.682","1.717","1.682","7.58M","2.14%"
"08/27/2018","1.680","1.651","1.698","1.651","3.34M","0.00%"
"08/26/2018","1.680","1.680","1.687","1.670","2.03M","-0.36%"
"08/16/2018","1.686","1.651","1.689","1.651","2.43M","-0.65%"
"08/15/2018","1.697","1.690","1.700","1.686","974.22K","-0.12%"
"08/14/2018","1.699","1.690","1.700","1.684","5.46M","0.53%"
"08/13/2018","1.690","1.700","1.700","1.680","3.47M","-0.59%"
"08/12/2018","1.700","1.707","1.715","1.690","7.97M","-0.99%"
"08/09/2018","1.717","1.740","1.744","1.700","5.77M","-1.32%"
"08/08/2018","1.740","1.730","1.747","1.730","14.10M","0.58%"
"08/07/2018","1.730","1.695","1.744","1.695","13.85M","1.76%"
"08/06/2018","1.700","1.676","1.705","1.676","7.35M","0.59%"
"08/05/2018","1.690","1.700","1.700","1.684","1.89M","-0.59%"
"08/02/2018","1.700","1.695","1.720","1.681","8.11M","0.89%"
"08/01/2018","1.685","1.690","1.692","1.679","1.57M","0.36%"
"07/31/2018","1.679","1.691","1.720","1.670","10.61M","-0.65%"
"07/30/2018","1.690","1.650","1.740","1.650","20.74M","2.86%"
"07/29/2018","1.643","1.602","1.699","1.602","19.81M","1.99%"
"07/26/2018","1.611","1.600","1.618","1.600","6.17M","0.62%"
"07/25/2018","1.601","1.600","1.609","1.582","4.95M","0.38%"
"07/24/2018","1.595","1.570","1.600","1.570","8.50M","1.59%"
"07/23/2018","1.570","1.565","1.590","1.565","7.05M","-0.82%"
"07/22/2018","1.583","1.553","1.594","1.553","7.23M","0.83%"
"07/19/2018","1.570","1.563","1.575","1.555","3.99M","0.96%"
"07/18/2018","1.555","1.552","1.563","1.551","2.21M","-0.19%"
"07/17/2018","1.558","1.578","1.580","1.556","20.96M","-1.39%"
"07/16/2018","1.580","1.595","1.595","1.580","3.59M","-0.69%"
"07/15/2018","1.591","1.609","1.610","1.591","9.52M","-0.50%"
"07/12/2018","1.599","1.600","1.609","1.591","10.50M","-0.06%"
"07/11/2018","1.600","1.585","1.610","1.585","6.82M","0.38%"
"07/10/2018","1.594","1.580","1.600","1.580","5.40M","0.57%"
"07/09/2018","1.585","1.589","1.600","1.579","4.49M","-0.81%"
"07/08/2018","1.598","1.585","1.600","1.585","1.26M","0.63%"
"07/05/2018","1.588","1.586","1.608","1.586","20.16M","-0.13%"
"07/04/2018","1.590","1.587","1.594","1.587","1.91M","-0.25%"
"07/03/2018","1.594","1.590","1.597","1.581","8.99M","0.25%"
"07/02/2018","1.590","1.574","1.592","1.574","995.56K","0.00%"
"07/01/2018","1.590","1.571","1.593","1.571","1.71M","0.63%"
"06/28/2018","1.580","1.585","1.595","1.572","3.36M","-0.25%"
"06/27/2018","1.584","1.575","1.590","1.560","26.05M","0.83%"
"06/26/2018","1.571","1.590","1.590","1.564","894.93K","-0.88%"
"06/25/2018","1.585","1.598","1.600","1.573","2.45M","-0.19%"
"06/24/2018","1.588","1.580","1.598","1.566","17.26M","1.15%"
"06/21/2018","1.570","1.607","1.607","1.555","5.76M","-0.13%"
"06/20/2018","1.572","1.592","1.640","1.572","8.92M","-3.56%"
"06/14/2018","1.630","1.579","1.650","1.579","42.20M","3.23%"
"06/13/2018","1.579","1.515","1.589","1.513","13.73M","3.88%"
"06/12/2018","1.520","1.561","1.579","1.503","13.17M","-3.18%"
"06/11/2018","1.570","1.570","1.599","1.545","21.75M","0.00%"
"06/10/2018","1.570","1.571","1.582","1.541","2.56M","0.19%"
"06/07/2018","1.567","1.625","1.647","1.555","15.13M","-4.39%"
"06/06/2018","1.639","1.659","1.679","1.611","38.87M","0.49%"
"06/05/2018","1.631","1.540","1.644","1.540","42.52M","5.70%"
"06/04/2018","1.543","1.580","1.580","1.526","18.67M","-2.34%"
"06/03/2018","1.580","1.500","1.600","1.500","38.64M","7.48%"
"05/31/2018","1.470","1.506","1.651","1.457","237.27M","-2.07%"
"05/30/2018","1.501","1.486","1.515","1.470","20.24M","0.00%"
"05/29/2018","1.501","1.521","1.539","1.500","19.01M","-1.25%"
"05/28/2018","1.520","1.500","1.540","1.487","15.31M","1.33%"
"05/27/2018","1.500","1.455","1.505","1.455","6.57M","2.04%"
"05/24/2018","1.470","1.421","1.470","1.419","6.45M","3.52%"
"05/23/2018","1.420","1.410","1.420","1.405","4.85M","0.71%"
"05/22/2018","1.410","1.400","1.410","1.396","1.66M","0.71%"
"05/21/2018","1.400","1.375","1.407","1.370","9.71M","0.36%"
"05/20/2018","1.395","1.375","1.410","1.366","3.07M","1.82%"
"05/17/2018","1.370","1.380","1.390","1.360","7.09M","-0.72%"
"05/16/2018","1.380","1.395","1.405","1.360","8.63M","-1.36%"
"05/15/2018","1.399","1.450","1.459","1.355","28.73M","-6.30%"
"05/14/2018","1.493","1.500","1.500","1.480","1.12M","-0.47%"
"05/13/2018","1.500","1.464","1.500","1.464","1.68M","1.97%"
"05/10/2018","1.471","1.473","1.486","1.471","2.37M","-0.68%"
"05/09/2018","1.481","1.495","1.496","1.475","4.43M","-0.94%"
"05/08/2018","1.495","1.510","1.510","1.495","3.40M","-0.80%"
"05/07/2018","1.507","1.498","1.525","1.496","9.37M","0.94%"
"05/06/2018","1.493","1.460","1.496","1.459","2.69M","1.63%"
"05/03/2018","1.469","1.479","1.480","1.462","3.02M","-0.74%"
"05/02/2018","1.480","1.470","1.485","1.470","8.25M","0.68%"
"05/01/2018","1.470","1.466","1.475","1.465","7.15M","0.07%"
"04/30/2018","1.469","1.470","1.475","1.460","29.35M","-0.07%"
"04/29/2018","1.470","1.460","1.474","1.460","4.94M","0.75%"
"04/26/2018","1.459","1.461","1.477","1.457","7.95M","-0.07%"
"04/25/2018","1.460","1.465","1.489","1.455","9.05M","1.25%"
"04/24/2018","1.442","1.462","1.462","1.442","4.99M","-0.83%"
"04/23/2018","1.454","1.463","1.470","1.451","3.97M","-0.62%"
"04/22/2018","1.463","1.461","1.470","1.460","2.77M","-0.34%"
"04/19/2018","1.468","1.456","1.472","1.456","4.75M","0.00%"
"04/18/2018","1.468","1.457","1.478","1.457","7.70M","0.69%"
"04/17/2018","1.458","1.451","1.467","1.447","8.98M","0.55%"
"04/16/2018","1.450","1.450","1.460","1.445","10.54M","-0.34%"
"04/15/2018","1.455","1.470","1.481","1.455","2.70M","-1.02%"
"04/12/2018","1.470","1.495","1.495","1.465","3.87M","-1.67%"
"04/11/2018","1.495","1.514","1.514","1.490","6.18M","-1.25%"
"04/10/2018","1.514","1.519","1.519","1.507","2.28M","0.26%"
"04/09/2018","1.510","1.510","1.534","1.506","7.98M","0.00%"
"04/08/2018","1.510","1.508","1.519","1.507","1.07M","-0.33%"
"04/05/2018","1.515","1.519","1.520","1.502","2.90M","0.33%"
"04/04/2018","1.510","1.531","1.541","1.510","6.16M","-2.58%"
"04/03/2018","1.550","1.550","1.550","1.531","2.53M","0.00%"
"04/02/2018","1.550","1.536","1.553","1.532","3.47M","1.17%"
"04/01/2018","1.532","1.529","1.554","1.529","2.74M","0.26%"
"03/29/2018","1.528","1.523","1.529","1.507","2.59M","0.86%"
"03/28/2018","1.515","1.536","1.539","1.513","2.91M","-1.11%"
"03/27/2018","1.532","1.537","1.539","1.526","1.07M","0.07%"
"03/26/2018","1.531","1.537","1.537","1.511","1.39M","-0.39%"
"03/25/2018","1.537","1.547","1.547","1.525","1.68M","-0.65%"
"03/22/2018","1.547","1.506","1.547","1.500","8.40M","2.86%"
"03/21/2018","1.504","1.525","1.525","1.501","7.68M","-6.00%"
"03/20/2018","1.600","1.625","1.625","1.600","5.20M","-0.93%"
"03/19/2018","1.615","1.612","1.629","1.600","3.71M","0.19%"
"03/18/2018","1.612","1.635","1.645","1.610","3.94M","-1.41%"
"03/15/2018","1.635","1.638","1.669","1.634","16.76M","-0.91%"
"03/14/2018","1.650","1.670","1.670","1.633","15.37M","-2.08%"
"03/13/2018","1.685","1.671","1.687","1.670","3.75M","-0.71%"
"03/12/2018","1.697","1.670","1.698","1.630","6.61M","1.43%"
"03/11/2018","1.673","1.691","1.691","1.673","1.23M","-1.59%"
"03/08/2018","1.700","1.690","1.730","1.660","2.10M","-0.23%"
"03/07/2018","1.704","1.700","1.736","1.700","5.48M","0.00%"
"03/06/2018","1.704","1.720","1.735","1.704","2.17M","-0.12%"
"03/05/2018","1.706","1.748","1.769","1.704","3.72M","-2.40%"
"03/01/2018","1.748","1.705","1.750","1.705","2.11M","2.58%"
"02/28/2018","1.704","1.703","1.719","1.680","3.64M","-0.93%"
"02/27/2018","1.720","1.700","1.732","1.700","755.59K","0.00%"
"02/26/2018","1.720","1.750","1.780","1.720","1.81M","-3.15%"
"02/25/2018","1.776","1.769","1.781","1.765","747.75K","-0.11%"
"02/22/2018","1.778","1.787","1.787","1.771","339.16K","-0.11%"
"02/21/2018","1.780","1.771","1.780","1.770","863.75K","-0.56%"
"02/20/2018","1.790","1.780","1.790","1.771","1.23M","0.56%"
"02/19/2018","1.780","1.759","1.780","1.741","954.57K","1.42%"
"02/18/2018","1.755","1.733","1.755","1.733","796.18K","0.86%"
"02/15/2018","1.740","1.746","1.750","1.740","625.76K","-0.34%"
"02/14/2018","1.746","1.750","1.755","1.733","1.09M","0.63%"
"02/12/2018","1.735","1.750","1.761","1.723","1.88M","-0.12%"
"02/11/2018","1.737","1.740","1.750","1.718","1.17M","0.12%"
"02/08/2018","1.735","1.760","1.760","1.720","931.37K","-1.98%"
"02/07/2018","1.770","1.678","1.770","1.678","1.89M","6.88%"
"02/06/2018","1.656","1.600","1.697","1.600","3.02M","-1.37%"
"02/05/2018","1.679","1.765","1.765","1.660","6.31M","-3.56%"
"02/04/2018","1.741","1.821","1.821","1.741","2.82M","-5.84%"
"02/01/2018","1.849","1.850","1.871","1.836","852.17K","-1.33%"
"01/31/2018","1.874","1.840","1.875","1.831","1.71M","-0.32%"
"01/30/2018","1.880","1.840","1.880","1.840","2.45M","-0.16%"
"01/29/2018","1.883","1.807","1.883","1.783","3.82M","3.75%"
"01/28/2018","1.815","1.840","1.848","1.800","1.17M","0.28%"
"01/25/2018","1.810","1.812","1.827","1.799","2.82M","-0.93%"
"01/24/2018","1.827","1.800","1.839","1.788","4.63M","2.24%"
"01/23/2018","1.787","1.770","1.800","1.770","5.26M","-0.17%"
"01/22/2018","1.790","1.768","1.790","1.760","2.91M","0.67%"
"01/21/2018","1.778","1.762","1.785","1.762","1.01M","1.02%"
"01/18/2018","1.760","1.760","1.774","1.752","1.78M","0.06%"
"01/17/2018","1.759","1.754","1.780","1.730","5.12M","-0.51%"
"01/16/2018","1.768","1.720","1.775","1.720","4.03M","2.79%"
"01/15/2018","1.720","1.760","1.787","1.700","3.78M","-2.49%"
"01/14/2018","1.764","1.760","1.775","1.760","3.02M","-0.23%"
"01/11/2018","1.768","1.800","1.800","1.751","3.41M","-1.78%"
"01/10/2018","1.800","1.799","1.800","1.770","3.91M","0.00%"
"01/09/2018","1.800","1.760","1.800","1.711","4.99M","1.75%"
"01/08/2018","1.769","1.699","1.770","1.696","8.99M","4.30%"
"01/07/2018","1.696","1.641","1.699","1.641","5.57M","2.11%"
"01/04/2018","1.661","1.630","1.675","1.626","6.44M","1.90%"
"01/03/2018","1.630","1.595","1.635","1.595","4.40M","0.68%"
"01/02/2018","1.619","1.583","1.625","1.583","4.78M","0.56%"
"12/31/2017","1.610","1.581","1.611","1.581","3.07M","0.06%"
"12/28/2017","1.609","1.580","1.609","1.580","2.00M","0.56%"
"12/27/2017","1.600","1.589","1.600","1.571","1.43M","1.91%"
"12/26/2017","1.570","1.580","1.580","1.552","1.77M","-0.44%"
"12/25/2017","1.577","1.590","1.590","1.577","740.51K","-0.19%"
"12/24/2017","1.580","1.600","1.600","1.576","1.90M","-0.13%"
"12/21/2017","1.582","1.597","1.599","1.575","4.71M","-0.88%"
"12/20/2017","1.596","1.600","1.620","1.571","4.99M","-0.25%"
"12/19/2017","1.600","1.500","1.649","1.496","11.71M","5.96%"
"12/14/2017","1.510","1.480","1.510","1.470","8.60M","1.34%"
"12/13/2017","1.490","1.391","1.498","1.391","9.43M","6.43%"
"12/12/2017","1.400","1.392","1.400","1.362","6.88M","0.57%"
"12/11/2017","1.392","1.385","1.393","1.351","5.78M","0.51%"
"12/10/2017","1.385","1.381","1.399","1.381","2.97M","0.44%"
"12/07/2017","1.379","1.373","1.395","1.365","4.22M","-1.08%"
"12/06/2017","1.394","1.400","1.400","1.375","4.60M","-2.18%"
"12/05/2017","1.425","1.449","1.449","1.410","8.41M","0.35%"
"12/04/2017","1.420","1.397","1.425","1.397","13.13M","2.16%"
"12/03/2017","1.390","1.384","1.395","1.365","2.63M","0.36%"
"11/30/2017","1.385","1.339","1.385","1.333","23.39M","3.75%"
"11/29/2017","1.335","1.321","1.350","1.321","3.45M","0.38%"
"11/28/2017","1.330","1.340","1.354","1.306","4.71M","-0.75%"
"11/27/2017","1.340","1.355","1.380","1.340","6.60M","-0.81%"
"11/26/2017","1.351","1.358","1.375","1.350","6.60M","-0.52%"
"11/23/2017","1.358","1.365","1.370","1.350","2.42M","-0.51%"
"11/22/2017","1.365","1.347","1.390","1.347","5.30M","1.56%"
"11/21/2017","1.344","1.357","1.375","1.330","3.44M","-2.61%"
"11/20/2017","1.380","1.392","1.392","1.334","2.78M","-1.08%"
"11/19/2017","1.395","1.363","1.395","1.357","1.70M","0.58%"
"11/16/2017","1.387","1.395","1.395","1.370","2.09M","-0.22%"
"11/15/2017","1.390","1.400","1.410","1.390","4.36M","-1.42%"
"11/14/2017","1.410","1.410","1.415","1.385","2.27M","0.00%"
"11/13/2017","1.410","1.397","1.410","1.373","1.78M","0.00%"
"11/12/2017","1.410","1.397","1.414","1.305","3.00M","0.07%"
"11/09/2017","1.409","1.410","1.410","1.375","1.93M","0.00%"
"11/08/2017","1.409","1.405","1.428","1.392","1.02M","0.64%"
"11/07/2017","1.400","1.440","1.469","1.390","5.84M","-2.44%"
"11/06/2017","1.435","1.450","1.495","1.435","2.55M","-4.21%"
"11/05/2017","1.498","1.501","1.508","1.460","1.06M","-0.13%"
"11/02/2017","1.500","1.500","1.501","1.481","471.08K","0.00%"
"11/01/2017","1.500","1.510","1.520","1.400","1.05M","-0.99%"
"10/31/2017","1.515","1.508","1.528","1.508","3.04M","0.46%"
"10/30/2017","1.508","1.512","1.535","1.500","1.07M","-1.11%"
"10/29/2017","1.525","1.475","1.530","1.475","2.08M","3.18%"
"10/26/2017","1.478","1.480","1.500","1.474","641.71K","-1.40%"
"10/25/2017","1.499","1.472","1.500","1.472","1.26M","1.97%"
"10/24/2017","1.470","1.515","1.515","1.470","1.60M","-2.00%"
"10/23/2017","1.500","1.531","1.531","1.490","2.45M","-2.15%"
"10/22/2017","1.533","1.530","1.555","1.530","251.06K","0.07%"
"10/19/2017","1.532","1.540","1.558","1.530","1.76M","0.00%"
"10/18/2017","1.532","1.560","1.560","1.530","2.23M","-0.52%"
"10/17/2017","1.540","1.550","1.560","1.538","2.84M","-0.65%"
"10/16/2017","1.550","1.545","1.560","1.532","3.43M","-1.84%"
"10/15/2017","1.579","1.560","1.580","1.550","1.14M","1.22%"
"10/12/2017","1.560","1.540","1.577","1.539","3.56M","-0.64%"
"10/11/2017","1.570","1.558","1.579","1.526","2.36M","1.75%"
"10/10/2017","1.543","1.543","1.550","1.528","3.72M","1.11%"
"10/09/2017","1.526","1.504","1.584","1.504","1.61M","1.67%"
"10/08/2017","1.501","1.519","1.519","1.485","1.91M","-0.33%"
"10/05/2017","1.506","1.510","1.521","1.502","4.35M","-0.59%"
"10/04/2017","1.515","1.550","1.550","1.510","6.58M","-2.38%"
"10/03/2017","1.552","1.560","1.560","1.552","1.99M","-0.64%"
"10/02/2017","1.562","1.560","1.572","1.551","2.34M","0.13%"
"10/01/2017","1.560","1.580","1.580","1.560","1.92M","-1.20%"
"09/28/2017","1.579","1.585","1.600","1.579","1.58M","-0.69%"
"09/27/2017","1.590","1.610","1.610","1.590","3.17M","-1.49%"
"09/26/2017","1.614","1.611","1.620","1.601","5.75M","1.06%"
"09/25/2017","1.597","1.592","1.600","1.587","1.19M","0.44%"
"09/24/2017","1.590","1.582","1.615","1.582","4.75M","0.00%"
"09/21/2017","1.590","1.590","1.590","1.575","3.89M","0.00%"
"09/20/2017","1.590","1.593","1.593","1.585","1.19M","0.57%"
"09/19/2017","1.581","1.560","1.599","1.560","2.25M","1.35%"
"09/18/2017","1.560","1.589","1.600","1.560","3.55M","-2.80%"
"09/17/2017","1.605","1.586","1.610","1.586","1.69M","0.31%"
"09/14/2017","1.600","1.599","1.614","1.585","4.00M","0.06%"
"09/13/2017","1.599","1.594","1.605","1.594","1.34M","0.31%"
"09/12/2017","1.594","1.577","1.595","1.560","2.98M","1.08%"
"09/11/2017","1.577","1.646","1.657","1.577","1.32M","-4.37%"
"09/10/2017","1.649","1.650","1.665","1.649","903.73K","-0.06%"
"09/07/2017","1.650","1.622","1.674","1.622","3.50M","0.00%"
"09/06/2017","1.650","1.694","1.694","1.650","2.67M","-2.88%"
"08/30/2017","1.699","1.641","1.699","1.620","5.66M","3.53%"
"08/29/2017","1.641","1.661","1.665","1.610","3.39M","-2.84%"
"08/28/2017","1.689","1.700","1.709","1.680","1.02M","-0.65%"
"08/27/2017","1.700","1.680","1.715","1.680","992.50K","0.24%"
"08/24/2017","1.696","1.700","1.700","1.680","841.31K","-0.18%"
"08/23/2017","1.699","1.702","1.718","1.699","672.64K","-0.99%"
"08/22/2017","1.716","1.701","1.719","1.698","904.89K","0.94%"
"08/21/2017","1.700","1.691","1.700","1.691","500.20K","0.59%"
"08/20/2017","1.690","1.682","1.728","1.681","130.41K","-0.12%"
"08/17/2017","1.692","1.700","1.701","1.685","1.68M","-1.11%"
"08/16/2017","1.711","1.712","1.719","1.697","1.69M","-0.70%"
"08/15/2017","1.723","1.731","1.759","1.721","835.20K","-1.60%"
"08/14/2017","1.751","1.722","1.797","1.722","975.70K","-1.07%"
"08/13/2017","1.770","1.750","1.770","1.750","553.80K","0.00%"
"08/10/2017","1.770","1.779","1.781","1.770","364.52K","-0.39%"
"08/09/2017","1.777","1.791","1.798","1.777","566.73K","-1.55%"
"08/08/2017","1.805","1.805","1.805","1.780","860.53K","1.06%"
"08/07/2017","1.786","1.782","1.805","1.781","631.95K","-0.67%"
"08/06/2017","1.798","1.782","1.804","1.781","332.19K","-0.44%"
"08/03/2017","1.806","1.800","1.823","1.797","3.19M","-1.74%"
"08/02/2017","1.838","1.781","1.839","1.775","1.65M","4.02%"
"08/01/2017","1.767","1.810","1.811","1.750","3.03M","-2.32%"
"07/31/2017","1.809","1.810","1.828","1.802","2.86M","-0.06%"
"07/30/2017","1.810","1.811","1.823","1.801","530.53K","-0.82%"
"07/27/2017","1.825","1.847","1.847","1.809","1.17M","0.27%"
"07/26/2017","1.820","1.825","1.825","1.800","610.70K","0.28%"
"07/25/2017","1.815","1.839","1.839","1.790","6.92M","-1.79%"
"07/24/2017","1.848","1.874","1.874","1.845","11.74M","-0.11%"
"07/23/2017","1.850","1.852","1.855","1.840","2.57M","0.54%"
"07/20/2017","1.840","1.846","1.853","1.832","25.30M","0.00%"
"07/19/2017","1.840","1.842","1.845","1.830","2.82M","-0.11%"
"07/18/2017","1.842","1.847","1.847","1.828","791.75K","-0.97%"
"07/17/2017","1.860","1.823","1.860","1.823","904.73K","1.92%"
"07/16/2017","1.825","1.830","1.859","1.809","944.42K","-1.35%"
"07/13/2017","1.850","1.840","1.888","1.820","7.36M","1.65%"
"07/12/2017","1.820","1.800","1.833","1.800","9.61M","1.11%"
"07/11/2017","1.800","1.800","1.821","1.796","2.42M","0.00%"
"07/10/2017","1.800","1.800","1.835","1.777","5.00M","0.56%"
"07/09/2017","1.790","1.828","1.829","1.773","3.26M","-2.08%"
"07/06/2017","1.828","1.821","1.875","1.815","4.98M","0.72%"
"07/05/2017","1.815","1.900","1.920","1.800","8.84M","-2.94%"
"07/04/2017","1.870","1.775","1.870","1.775","20.53M","10.00%"
"07/03/2017","1.700","1.625","1.708","1.625","6.15M","0.00%"
"07/02/2017","1.700","1.700","1.700","1.600","5.33M","-0.23%"
"06/22/2017","1.704","1.693","1.721","1.690","4.09M","1.43%"
"06/21/2017","1.680","1.709","1.709","1.680","1.66M","-1.70%"
"06/20/2017","1.709","1.730","1.731","1.695","1.39M","-2.23%"
"06/19/2017","1.748","1.718","1.754","1.718","4.16M","-0.34%"
"06/18/2017","1.754","1.727","1.754","1.717","1.36M","2.27%"
"06/15/2017","1.715","1.744","1.744","1.712","7.32M","0.35%"
"06/14/2017","1.709","1.681","1.716","1.681","3.52M","0.53%"
"06/13/2017","1.700","1.690","1.708","1.676","1.87M","0.59%"
"06/12/2017","1.690","1.679","1.700","1.679","6.73M","0.54%"
"06/11/2017","1.681","1.702","1.712","1.676","4.30M","-2.49%"
"06/08/2017","1.724","1.627","1.724","1.627","10.38M","8.43%"
"06/07/2017","1.590","1.540","1.650","1.540","5.38M","0.06%"
"06/06/2017","1.589","1.521","1.700","1.521","18.93M","-5.08%"
"06/05/2017","1.674","1.674","1.799","1.674","11.85M","-10.00%"
"06/04/2017","1.860","1.870","1.880","1.851","2.56M","-1.06%"
"06/01/2017","1.880","1.890","1.899","1.870","1.94M","-0.32%"
"05/31/2017","1.886","1.927","1.927","1.886","5.07M","-2.18%"
"05/30/2017","1.928","1.960","1.960","1.928","1.55M","-1.63%"
"05/29/2017","1.960","1.925","1.960","1.925","3.87M","0.51%"
"05/28/2017","1.950","1.911","1.950","1.903","1.96M","1.04%"
"05/25/2017","1.930","1.893","1.930","1.886","2.65M","1.47%"
"05/24/2017","1.902","1.895","1.902","1.890","875.78K","-0.11%"
"05/23/2017","1.904","1.912","1.920","1.901","685.62K","-0.83%"
"05/22/2017","1.920","1.905","1.925","1.901","2.34M","0.79%"
"05/21/2017","1.905","1.905","1.905","1.893","647.44K","0.00%"
"05/18/2017","1.905","1.915","1.915","1.895","2.08M","-0.68%"
"05/17/2017","1.918","1.908","1.918","1.902","848.65K","0.05%"
"05/16/2017","1.917","1.908","1.918","1.907","3.14M","1.05%"
"05/15/2017","1.897","1.908","1.908","1.895","3.87M","-0.26%"
"05/14/2017","1.902","1.915","1.923","1.902","1.12M","-0.63%"
"05/11/2017","1.914","1.912","1.925","1.905","2.88M","0.16%"
"05/10/2017","1.911","1.910","1.911","1.902","1.68M","0.05%"
"05/09/2017","1.910","1.891","1.918","1.891","2.94M","0.53%"
"05/08/2017","1.900","1.901","1.930","1.900","879.16K","-0.52%"
"05/07/2017","1.910","1.911","1.972","1.900","1.33M","-1.04%"
"05/04/2017","1.930","1.951","1.979","1.902","4.15M","-1.68%"
"05/03/2017","1.963","1.952","1.968","1.950","2.36M","-0.36%"
"05/02/2017","1.970","1.972","1.979","1.950","2.77M","-0.51%"
"05/01/2017","1.980","1.999","1.999","1.971","1.20M","0.00%"
"04/30/2017","1.980","1.990","1.990","1.976","868.31K","-0.50%"
"04/27/2017","1.990","2.000","2.000","1.990","2.28M","-0.50%"
"04/26/2017","2.000","2.000","2.006","1.989","7.77M","0.00%"
"04/25/2017","2.000","2.005","2.010","1.986","2.53M","-0.50%"
"04/24/2017","2.010","2.017","2.035","1.995","9.21M","-2.00%"
"04/23/2017","2.051","2.023","2.051","2.023","861.68K","0.20%"
"04/20/2017","2.047","2.051","2.053","2.025","2.65M","-0.97%"
"04/19/2017","2.067","2.095","2.095","2.052","3.12M","-1.10%"
"04/18/2017","2.090","2.106","2.106","2.090","908.89K","-0.48%"
"04/17/2017","2.100","2.091","2.109","2.091","1.85M","0.38%"
"04/16/2017","2.092","2.101","2.111","2.090","1.60M","-0.43%"
"04/13/2017","2.101","2.105","2.113","2.100","891.03K","-0.38%"
"04/12/2017","2.109","2.099","2.119","2.099","2.41M","0.19%"
"04/11/2017","2.105","2.096","2.116","2.085","2.35M","0.14%"
"04/10/2017","2.102","2.129","2.134","2.100","3.83M","-0.66%"
"04/09/2017","2.116","2.116","2.124","2.113","1.97M","-0.19%"
"04/06/2017","2.120","2.138","2.138","2.120","1.82M","-0.80%"
"04/05/2017","2.137","2.130","2.141","2.125","2.81M","0.14%"
"04/04/2017","2.134","2.136","2.136","2.119","1.35M","0.00%"
"04/03/2017","2.134","2.130","2.135","2.122","5.02M","0.19%"
"04/02/2017","2.130","2.130","2.130","2.111","1.72M","0.24%"
"03/30/2017","2.125","2.121","2.130","2.105","6.57M","-0.23%"
"03/29/2017","2.130","2.157","2.157","2.121","3.82M","-0.47%"
"03/28/2017","2.140","2.141","2.150","2.127","1.25M","-0.05%"
"03/27/2017","2.141","2.130","2.144","2.115","2.50M","0.47%"
"03/26/2017","2.131","2.150","2.165","2.130","2.66M","-0.88%"
"03/23/2017","2.150","2.139","2.154","2.129","1.74M","0.47%"
"03/22/2017","2.140","2.165","2.165","2.129","3.90M","-0.93%"
"03/21/2017","2.160","2.155","2.189","2.150","4.41M","0.33%"
"03/20/2017","2.153","2.151","2.168","2.150","1.93M","0.09%"
"03/19/2017","2.151","2.160","2.178","2.150","1.89M","0.05%"
"03/16/2017","2.150","2.160","2.200","2.150","44.00M","-0.46%"
"03/15/2017","2.160","2.185","2.195","2.160","2.05M","-0.05%"
"03/14/2017","2.161","2.163","2.185","2.160","3.47M","-0.09%"
"03/13/2017","2.163","2.179","2.180","2.160","9.16M","-3.95%"
"03/09/2017","2.252","2.280","2.298","2.251","2.59M","-1.23%"
"03/08/2017","2.280","2.292","2.301","2.250","4.37M","-1.38%"
"03/07/2017","2.312","2.336","2.344","2.312","9.20M","-1.20%"
"03/06/2017","2.340","2.369","2.380","2.331","3.69M","-0.34%"
"03/02/2017","2.348","2.347","2.350","2.332","5.43M","-0.04%"
"03/01/2017","2.349","2.340","2.350","2.322","2.20M","-0.25%"
"02/28/2017","2.355","2.355","2.370","2.330","4.96M","0.30%"
"02/27/2017","2.348","2.305","2.360","2.305","3.71M","1.12%"
"02/26/2017","2.322","2.380","2.380","2.322","510.09K","-1.82%"
"02/23/2017","2.365","2.333","2.490","2.311","9.60M","2.38%"
"02/22/2017","2.310","2.320","2.320","2.305","7.45M","-0.43%"
"02/21/2017","2.320","2.325","2.340","2.300","14.94M","-5.11%"
"02/20/2017","2.445","2.425","2.450","2.425","1.63M","0.62%"
"02/19/2017","2.430","2.419","2.454","2.419","1.97M","-0.78%"
"02/16/2017","2.449","2.421","2.449","2.416","1.89M","0.37%"
"02/15/2017","2.440","2.435","2.450","2.420","3.39M","0.21%"
"02/13/2017","2.435","2.410","2.435","2.410","2.12M","0.83%"
"02/12/2017","2.415","2.412","2.420","2.412","354.37K","0.12%"
"02/09/2017","2.412","2.413","2.423","2.412","1.59M","-0.33%"
"02/08/2017","2.420","2.409","2.420","2.407","1.63M","0.41%"
"02/07/2017","2.410","2.405","2.425","2.405","2.65M","-0.41%"
"02/06/2017","2.420","2.405","2.420","2.403","3.71M","0.00%"
"02/05/2017","2.420","2.410","2.420","2.401","5.07M","0.62%"
"02/02/2017","2.405","2.410","2.418","2.400","3.02M","-0.62%"
"02/01/2017","2.420","2.402","2.459","2.402","4.03M","0.79%"
"01/31/2017","2.401","2.448","2.448","2.401","4.50M","-0.99%"
"01/30/2017","2.425","2.460","2.460","2.425","1.01M","-1.62%"
"01/29/2017","2.465","2.440","2.479","2.440","3.55M","0.61%"
"01/26/2017","2.450","2.450","2.500","2.435","2.11M","-0.08%"
"01/25/2017","2.452","2.454","2.454","2.445","3.98M","-0.08%"
"01/24/2017","2.454","2.432","2.455","2.432","1.19M","0.90%"
"01/23/2017","2.432","2.430","2.459","2.430","723.87K","-0.73%"
"01/22/2017","2.450","2.421","2.454","2.421","2.20M","0.00%"
"01/19/2017","2.450","2.432","2.450","2.240","5.62M","0.25%"
"01/18/2017","2.444","2.435","2.450","2.435","4.00M","-0.24%"
"01/17/2017","2.450","2.391","2.450","2.365","8.36M","2.34%"
"01/16/2017","2.394","2.352","2.395","2.352","4.34M","0.59%"
"01/15/2017","2.380","2.360","2.380","2.360","1.35M","0.46%"
"01/12/2017","2.369","2.352","2.385","2.352","584.67K","0.00%"
"01/11/2017","2.369","2.350","2.369","2.345","1.36M","0.68%"
"01/10/2017","2.353","2.345","2.375","2.345","1.38M","-0.30%"
"01/09/2017","2.360","2.340","2.373","2.340","2.49M","-0.21%"
"01/08/2017","2.365","2.332","2.370","2.332","508.05K","0.30%"
"01/05/2017","2.358","2.330","2.358","2.330","2.29M","0.43%"
"01/04/2017","2.348","2.311","2.349","2.311","9.69M","1.21%"
"01/03/2017","2.320","2.310","2.320","2.293","1.07M","0.74%"
"01/02/2017","2.303","2.300","2.319","2.295","3.42M","-0.26%"
"12/29/2016","2.309","2.275","2.309","2.275","1.90M","0.57%"
"12/28/2016","2.296","2.330","2.330","2.290","1.92M","0.26%"
"12/27/2016","2.290","2.273","2.300","2.273","615.01K","0.35%"
"12/26/2016","2.282","2.280","2.290","2.271","1.30M","0.00%"
"12/25/2016","2.282","2.272","2.292","2.272","800.82K","-0.48%"
"12/22/2016","2.293","2.280","2.296","2.280","1.02M","0.31%"
"12/21/2016","2.286","2.301","2.307","2.284","1.58M","-0.61%"
"12/20/2016","2.300","2.311","2.311","2.293","1.56M","0.00%"
"12/19/2016","2.300","2.312","2.329","2.291","3.15M","-0.09%"
"12/15/2016","2.302","2.312","2.338","2.302","2.17M","-1.75%"
"12/14/2016","2.343","2.325","2.350","2.325","550.80K","-0.51%"
"12/13/2016","2.355","2.320","2.355","2.320","2.01M","0.30%"
"12/12/2016","2.348","2.338","2.348","2.320","3.11M","1.21%"
"12/11/2016","2.320","2.290","2.325","2.290","2.05M","0.78%"
"12/08/2016","2.302","2.300","2.302","2.300","2.95M","0.09%"
"12/07/2016","2.300","2.285","2.300","2.280","7.64M","0.00%"
"12/06/2016","2.300","2.284","2.302","2.284","1.37M","0.22%"
"12/05/2016","2.295","2.285","2.315","2.281","1.64M","0.04%"
"12/04/2016","2.294","2.285","2.300","2.285","479.07K","0.75%"
"12/01/2016","2.277","2.310","2.310","2.277","6.20M","-1.43%"
"11/30/2016","2.310","2.270","2.310","2.270","6.27M","1.54%"
"11/29/2016","2.275","2.272","2.280","2.272","966.45K","0.00%"
"11/28/2016","2.275","2.270","2.280","2.270","3.21M","0.09%"
"11/27/2016","2.273","2.285","2.286","2.272","1.14M","-0.39%"
"11/24/2016","2.282","2.270","2.305","2.270","7.31M","-0.26%"
"11/23/2016","2.288","2.270","2.288","2.270","1.36M","0.79%"
"11/22/2016","2.270","2.270","2.280","2.270","1.25M","0.00%"
"11/21/2016","2.270","2.271","2.288","2.270","803.75K","-0.48%"
"11/20/2016","2.281","2.269","2.299","2.268","305.39K","-0.61%"
"11/17/2016","2.295","2.228","2.300","2.228","2.31M","1.91%"
"11/16/2016","2.252","2.245","2.270","2.214","1.39M","2.22%"
"11/15/2016","2.203","2.202","2.239","2.201","1.57M","-0.36%"
"11/14/2016","2.211","2.234","2.240","2.205","2.34M","-0.99%"
"11/13/2016","2.233","2.225","2.280","2.225","1.50M","-0.67%"
"11/10/2016","2.248","2.261","2.293","2.248","1.90M","-0.09%"
"11/09/2016","2.250","2.222","2.290","2.222","1.82M","0.00%"
"11/08/2016","2.250","2.260","2.299","2.235","887.66K","-0.44%"
"11/07/2016","2.260","2.230","2.280","2.230","2.34M","0.44%"
"11/06/2016","2.250","2.220","2.300","2.220","1.73M","0.90%"
"11/03/2016","2.230","2.230","2.289","2.229","2.14M","-0.22%"
"11/02/2016","2.235","2.266","2.289","2.233","2.89M","-2.40%"
"11/01/2016","2.290","2.270","2.298","2.269","3.11M","1.28%"
"10/31/2016","2.261","2.270","2.319","2.261","2.10M","-0.04%"
"10/30/2016","2.262","2.312","2.312","2.262","2.56M","-2.16%"
"10/27/2016","2.312","2.329","2.329","2.305","1.05M","-0.73%"
"10/26/2016","2.329","2.326","2.330","2.325","878.48K","-0.85%"
"10/25/2016","2.349","2.355","2.355","2.332","2.41M","-0.13%"
"10/24/2016","2.352","2.336","2.364","2.336","895.91K","0.04%"
"10/23/2016","2.351","2.354","2.379","2.347","599.21K","-0.13%"
"10/20/2016","2.354","2.352","2.370","2.352","491.83K","-0.76%"
"10/19/2016","2.372","2.343","2.374","2.343","368.15K","0.68%"
"10/18/2016","2.356","2.351","2.366","2.351","978.37K","-0.93%"
"10/17/2016","2.378","2.345","2.380","2.344","1.44M","0.38%"
"10/16/2016","2.369","2.379","2.379","2.344","939.87K","-0.42%"
"10/13/2016","2.379","2.330","2.379","2.330","11.28M","0.81%"
"10/12/2016","2.360","2.310","2.375","2.310","429.09K","-1.26%"
"10/11/2016","2.390","2.350","2.390","2.340","1.24M","2.14%"
"10/10/2016","2.340","2.315","2.340","2.315","4.26M","0.65%"
"10/09/2016","2.325","2.310","2.333","2.310","216.68K","0.52%"
"10/06/2016","2.313","2.306","2.319","2.306","1.23M","0.26%"
"10/05/2016","2.307","2.306","2.323","2.306","2.11M","-0.22%"
"10/04/2016","2.312","2.307","2.330","2.304","744.00K","-0.09%"
"10/03/2016","2.314","2.350","2.350","2.301","1.24M","-1.53%"
"10/02/2016","2.350","2.351","2.365","2.350","1.21M","-0.42%"
"09/29/2016","2.360","2.380","2.380","2.355","4.10M","-0.46%"
"09/28/2016","2.371","2.368","2.375","2.360","1.78M","0.13%"
"09/27/2016","2.368","2.341","2.384","2.340","2.24M","-0.08%"
"09/26/2016","2.370","2.335","2.378","2.335","2.31M","1.07%"
"09/25/2016","2.345","2.305","2.345","2.301","2.06M","0.26%"
"09/22/2016","2.339","2.300","2.339","2.286","5.17M","1.70%"
"09/21/2016","2.300","2.269","2.302","2.269","1.50M","1.37%"
"09/20/2016","2.269","2.279","2.290","2.250","4.19M","2.21%"
"09/19/2016","2.220","2.382","2.383","2.220","15.73M","-6.80%"
"09/18/2016","2.382","2.363","2.396","2.361","11.95M","0.51%"
"09/08/2016","2.370","2.400","2.419","2.367","7.09M","-1.86%"
"09/07/2016","2.415","2.436","2.436","2.406","2.01M","-0.86%"
"09/06/2016","2.436","2.436","2.449","2.410","5.71M","0.04%"
"09/05/2016","2.435","2.450","2.470","2.430","4.14M","-1.34%"
"09/04/2016","2.468","2.435","2.475","2.435","1.90M","-0.16%"
"09/01/2016","2.472","2.500","2.500","2.432","11.31M","-1.12%"
"08/31/2016","2.500","2.475","2.500","2.453","7.78M","0.00%"
"08/30/2016","2.500","2.454","2.500","2.454","3.40M","1.42%"
"08/29/2016","2.465","2.458","2.469","2.450","921.00K","0.24%"
"08/28/2016","2.459","2.445","2.459","2.433","723.71K","0.53%"
"08/25/2016","2.446","2.435","2.446","2.422","1.43M","0.45%"
"08/24/2016","2.435","2.411","2.435","2.411","642.99K","1.00%"
"08/23/2016","2.411","2.452","2.480","2.409","3.53M","-2.90%"
"08/22/2016","2.483","2.481","2.484","2.450","1.33M","-0.28%"
"08/21/2016","2.490","2.472","2.499","2.472","743.16K","-0.40%"
"08/18/2016","2.500","2.471","2.500","2.471","3.38M","0.24%"
"08/17/2016","2.494","2.494","2.520","2.463","7.75M","0.00%"
"08/16/2016","2.494","2.490","2.494","2.480","8.81M","0.77%"
"08/15/2016","2.475","2.455","2.487","2.455","2.29M","0.28%"
"08/14/2016","2.468","2.455","2.472","2.449","973.00K","0.53%"
"08/11/2016","2.455","2.484","2.484","2.441","1.36M","-1.17%"
"08/10/2016","2.484","2.480","2.488","2.450","3.09M","-0.24%"
"08/09/2016","2.490","2.490","2.498","2.485","6.51M","0.40%"
"08/08/2016","2.480","2.470","2.499","2.463","4.54M","0.00%"
"08/07/2016","2.480","2.403","2.480","2.403","3.04M","1.64%"
"08/04/2016","2.440","2.420","2.440","2.418","1.07M","1.24%"
"08/03/2016","2.410","2.411","2.425","2.400","4.03M","-0.99%"
"08/02/2016","2.434","2.431","2.443","2.431","1.26M","-0.37%"
"08/01/2016","2.443","2.443","2.450","2.428","4.03M","0.00%"
"07/31/2016","2.443","2.415","2.500","2.415","4.70M","-0.29%"
"07/28/2016","2.450","2.371","2.450","2.371","2.82M","2.08%"
"07/27/2016","2.400","2.384","2.400","2.373","2.74M","0.04%"
"07/26/2016","2.399","2.372","2.400","2.372","745.99K","-0.25%"
"07/25/2016","2.405","2.371","2.405","2.370","9.58M","0.67%"
"07/24/2016","2.389","2.363","2.389","2.340","1.43M","-0.42%"
"07/21/2016","2.399","2.371","2.399","2.371","857.66K","-0.04%"
"07/20/2016","2.400","2.370","2.400","2.370","2.97M","0.00%"
"07/19/2016","2.400","2.370","2.400","2.365","2.49M","0.00%"
"07/18/2016","2.400","2.370","2.400","2.367","6.16M","1.22%"
"07/17/2016","2.371","2.359","2.380","2.359","2.64M","0.08%"
"07/14/2016","2.369","2.369","2.369","2.328","1.95M","0.00%"
"07/13/2016","2.369","2.345","2.369","2.330","1.84M","1.02%"
"07/12/2016","2.345","2.322","2.345","2.322","1.77M","0.21%"
"07/11/2016","2.340","2.328","2.340","2.310","1.20M","1.30%"
"07/05/2016","2.310","2.303","2.319","2.303","335.48K","-0.35%"
"07/04/2016","2.318","2.301","2.333","2.299","715.62K","0.65%"
"07/03/2016","2.303","2.296","2.323","2.296","279.31K","0.13%"
"06/30/2016","2.300","2.302","2.323","2.300","2.64M","-0.86%"
"06/29/2016","2.320","2.315","2.320","2.300","1.08M","0.22%"
"06/28/2016","2.315","2.302","2.315","2.292","3.80M","0.22%"
"06/27/2016","2.310","2.329","2.329","2.305","856.01K","0.13%"
"06/26/2016","2.307","2.290","2.330","2.287","803.42K","-1.28%"
"06/23/2016","2.337","2.314","2.337","2.313","423.86K","0.30%"
"06/22/2016","2.330","2.327","2.334","2.310","699.22K","0.00%"
"06/21/2016","2.330","2.310","2.332","2.310","777.55K","0.43%"
"06/20/2016","2.320","2.305","2.320","2.303","229.86K","0.09%"
"06/19/2016","2.318","2.302","2.319","2.300","659.48K","0.13%"
"06/16/2016","2.315","2.310","2.317","2.302","2.83M","-0.09%"
"06/15/2016","2.317","2.290","2.343","2.289","2.20M","-0.09%"
"06/14/2016","2.319","2.291","2.319","2.283","902.00K","1.22%"
"06/13/2016","2.291","2.320","2.320","2.290","1.75M","-0.69%"
"06/12/2016","2.307","2.301","2.320","2.301","262.82K","0.00%"
"06/09/2016","2.307","2.329","2.329","2.302","1.31M","-0.94%"
"06/08/2016","2.329","2.306","2.335","2.306","1.36M","1.17%"
"06/07/2016","2.302","2.291","2.319","2.291","1.03M","0.61%"
"06/06/2016","2.288","2.317","2.320","2.284","1.03M","-1.29%"
"06/05/2016","2.318","2.282","2.318","2.277","651.66K","1.44%"
"06/02/2016","2.285","2.305","2.317","2.285","1.72M","-1.93%"
"06/01/2016","2.330","2.301","2.330","2.300","596.43K","-0.34%"
"05/31/2016","2.338","2.300","2.338","2.281","11.91M","3.00%"
"05/30/2016","2.270","2.300","2.318","2.270","1.68M","-1.86%"
"05/29/2016","2.313","2.314","2.318","2.300","1.01M","-0.04%"
"05/26/2016","2.314","2.303","2.316","2.300","2.35M","0.26%"
"05/25/2016","2.308","2.304","2.317","2.304","1.84M","0.00%"
"05/24/2016","2.308","2.300","2.319","2.280","2.07M","-0.09%"
"05/23/2016","2.310","2.275","2.319","2.252","4.40M","2.44%"
"05/22/2016","2.255","2.280","2.301","2.255","1.05M","-2.00%"
"05/19/2016","2.301","2.301","2.342","2.301","1.71M","-1.75%"
"05/18/2016","2.342","2.300","2.342","2.300","2.56M","1.78%"
"05/17/2016","2.301","2.300","2.310","2.300","1.29M","0.04%"
"05/16/2016","2.300","2.301","2.307","2.300","2.51M","-0.04%"
"05/15/2016","2.301","2.305","2.310","2.300","1.81M","-0.17%"
"05/12/2016","2.305","2.284","2.340","2.280","3.72M","1.01%"
"05/11/2016","2.282","2.256","2.300","2.256","1.75M","0.53%"
"05/10/2016","2.270","2.240","2.270","2.240","2.42M","0.67%"
"05/09/2016","2.255","2.223","2.295","2.223","4.88M","1.03%"
"05/08/2016","2.232","2.223","2.255","2.223","3.64M","-1.02%"
"05/05/2016","2.255","2.300","2.300","2.251","5.29M","-1.96%"
"05/04/2016","2.300","2.311","2.319","2.280","1.83M","-0.95%"
"05/03/2016","2.322","2.320","2.369","2.311","3.15M","0.04%"
"05/02/2016","2.321","2.334","2.334","2.230","4.29M","-0.09%"
"05/01/2016","2.323","2.315","2.343","2.303","3.24M","0.35%"
"04/28/2016","2.315","2.321","2.349","2.304","3.28M","-0.26%"
"04/27/2016","2.321","2.342","2.342","2.312","2.92M","-1.61%"
"04/26/2016","2.359","2.350","2.379","2.340","5.74M","-0.42%"
"04/25/2016","2.369","2.352","2.369","2.340","3.02M","-0.46%"
"04/24/2016","2.380","2.343","2.385","2.343","810.43K","0.00%"
"04/21/2016","2.380","2.341","2.380","2.341","2.94M","1.32%"
"04/20/2016","2.349","2.340","2.350","2.340","2.55M","0.38%"
"04/19/2016","2.340","2.315","2.351","2.315","1.03M","-0.34%"
"04/18/2016","2.348","2.316","2.348","2.311","2.26M","1.43%"
"04/17/2016","2.315","2.325","2.350","2.315","765.37K","-0.26%"
"04/14/2016","2.321","2.332","2.367","2.320","6.10M","-2.11%"
"04/13/2016","2.371","2.360","2.375","2.342","3.57M","0.47%"
"04/12/2016","2.360","2.323","2.394","2.323","1.36M","0.85%"
"04/11/2016","2.340","2.330","2.360","2.327","5.09M","-0.04%"
"04/10/2016","2.341","2.350","2.370","2.332","2.03M","-0.38%"
"04/07/2016","2.350","2.373","2.374","2.319","2.12M","0.21%"
"04/06/2016","2.345","2.380","2.380","2.301","755.51K","0.00%"
"04/05/2016","2.345","2.329","2.345","2.293","2.83M","0.69%"
"04/04/2016","2.329","2.308","2.329","2.306","3.66M","-0.47%"
"04/03/2016","2.340","2.375","2.375","2.332","1.30M","-1.68%"
"03/31/2016","2.380","2.339","2.380","2.300","12.19M","1.71%"
"03/30/2016","2.340","2.330","2.340","2.302","2.19M","0.04%"
"03/29/2016","2.339","2.285","2.339","2.285","1.68M","1.65%"
"03/28/2016","2.301","2.280","2.319","2.260","3.99M","0.48%"
"03/27/2016","2.290","2.280","2.300","2.280","2.11M","-1.17%"
"03/24/2016","2.317","2.300","2.320","2.293","1.65M","-0.13%"
"03/23/2016","2.320","2.320","2.329","2.280","3.13M","0.00%"
"03/22/2016","2.320","2.252","2.320","2.252","2.09M","1.18%"
"03/21/2016","2.293","2.260","2.295","2.237","2.06M","1.46%"
"03/20/2016","2.260","2.255","2.290","2.250","2.11M","0.44%"
"03/17/2016","2.250","2.200","2.250","2.200","7.55M","0.04%"
"03/16/2016","2.249","2.218","2.249","2.190","8.39M","1.40%"
"03/15/2016","2.218","2.230","2.250","2.185","7.04M","-6.45%"
"03/13/2016","2.371","2.390","2.400","2.350","4.01M","-1.17%"
"03/10/2016","2.399","2.385","2.399","2.380","2.64M","0.00%"
"03/09/2016","2.399","2.399","2.399","2.382","1.32M","-0.04%"
"03/08/2016","2.400","2.400","2.400","2.380","4.39M","0.00%"
"03/07/2016","2.400","2.400","2.410","2.370","8.36M","0.88%"
"03/03/2016","2.379","2.380","2.380","2.368","6.80M","0.51%"
"03/02/2016","2.367","2.370","2.395","2.367","13.08M","0.13%"
"03/01/2016","2.364","2.365","2.401","2.360","5.27M","0.00%"
"02/29/2016","2.364","2.399","2.409","2.364","8.70M","-0.76%"
"02/28/2016","2.382","2.353","2.400","2.353","2.98M","0.80%"
"02/25/2016","2.363","2.389","2.389","2.356","1.00M","-1.13%"
"02/24/2016","2.390","2.365","2.395","2.350","5.99M","0.89%"
"02/23/2016","2.369","2.341","2.374","2.300","3.81M","1.41%"
"02/22/2016","2.336","2.260","2.337","2.260","4.38M","2.91%"
"02/21/2016","2.270","2.305","2.318","2.250","4.37M","0.44%"
"02/18/2016","2.260","2.342","2.349","2.240","7.31M","-1.74%"
"02/17/2016","2.300","2.308","2.340","2.290","4.73M","-1.71%"
"02/16/2016","2.340","2.320","2.369","2.302","8.25M","0.86%"
"02/15/2016","2.320","2.240","2.320","2.240","6.50M","2.38%"
"02/14/2016","2.266","2.250","2.270","2.250","727.16K","0.94%"
"02/11/2016","2.245","2.235","2.251","2.200","1.80M","0.67%"
"02/10/2016","2.230","2.220","2.235","2.208","3.61M","-1.55%"
"02/08/2016","2.265","2.210","2.270","2.200","1.58M","1.66%"
"02/07/2016","2.228","2.300","2.300","2.200","3.43M","-3.13%"
"02/04/2016","2.300","2.245","2.309","2.245","2.99M","3.37%"
"02/03/2016","2.225","2.181","2.304","2.112","4.64M","1.14%"
"02/02/2016","2.200","2.065","2.277","2.065","2.71M","3.53%"
"02/01/2016","2.125","2.094","2.125","2.060","3.81M","1.43%"
"01/31/2016","2.095","2.070","2.125","2.050","2.31M","1.21%"
"01/28/2016","2.070","1.962","2.070","1.962","7.68M","2.53%"
"01/27/2016","2.019","1.951","2.030","1.951","1.79M","3.54%"
"01/26/2016","1.950","1.956","1.960","1.910","3.88M","-1.32%"
"01/25/2016","1.976","1.990","2.053","1.973","1.66M","-3.80%"
"01/24/2016","2.054","2.052","2.090","2.025","4.30M","5.33%"
"01/21/2016","1.950","1.908","1.980","1.908","2.41M","0.26%"
"01/20/2016","1.945","1.950","1.980","1.926","5.29M","-4.42%"
"01/19/2016","2.035","1.911","2.035","1.910","4.81M","7.90%"
"01/18/2016","1.886","1.900","1.930","1.870","6.45M","-0.21%"
"01/17/2016","1.890","2.020","2.020","1.885","8.02M","-9.53%"
"01/14/2016","2.089","2.130","2.130","2.060","3.53M","-2.84%"
"01/13/2016","2.150","2.140","2.151","2.123","3.52M","0.00%"
"01/12/2016","2.150","2.170","2.175","2.132","2.63M","-2.36%"
"01/11/2016","2.202","2.212","2.225","2.190","2.61M","-1.70%"
"01/10/2016","2.240","2.224","2.249","2.212","1.23M","0.00%"
"01/07/2016","2.240","2.271","2.280","2.210","5.94M","-3.16%"
"01/06/2016","2.313","2.260","2.320","2.260","1.07M","0.57%"
"01/05/2016","2.300","2.256","2.370","2.256","2.88M","0.66%"
"01/04/2016","2.285","2.307","2.307","2.280","677.29K","-0.65%"
"01/03/2016","2.300","2.306","2.310","2.294","717.10K","-1.50%"
"12/31/2015","2.335","2.300","2.339","2.300","2.98M","0.21%"
"12/30/2015","2.330","2.295","2.330","2.295","970.26K","1.30%"
"12/29/2015","2.300","2.311","2.344","2.300","6.45M","-0.69%"
"12/28/2015","2.316","2.305","2.327","2.305","2.34M","-0.39%"
"12/27/2015","2.325","2.310","2.330","2.310","275.15K","0.00%"
"12/24/2015","2.325","2.331","2.350","2.324","2.21M","-1.48%"
"12/23/2015","2.360","2.366","2.366","2.330","2.59M","0.00%"
"12/22/2015","2.360","2.284","2.360","2.284","4.75M","1.94%"
"12/21/2015","2.315","2.325","2.335","2.305","1.69M","-0.43%"
"12/17/2015","2.325","2.325","2.325","2.305","1.49M","0.00%"
"12/16/2015","2.325","2.290","2.325","2.290","7.91M","1.09%"
"12/15/2015","2.300","2.297","2.325","2.223","8.18M","0.13%"
"12/14/2015","2.297","2.202","2.297","2.201","3.95M","4.22%"
"12/13/2015","2.204","2.220","2.220","2.177","1.60M","-3.67%"
"12/10/2015","2.288","2.220","2.290","2.215","7.81M","3.06%"
"12/09/2015","2.220","2.301","2.306","2.220","8.12M","-5.49%"
"12/08/2015","2.349","2.280","2.349","2.210","6.48M","1.47%"
"12/07/2015","2.315","2.275","2.315","2.275","2.26M","0.65%"
"12/06/2015","2.300","2.321","2.340","2.275","5.22M","-2.13%"
"12/03/2015","2.350","2.336","2.359","2.320","4.92M","-0.38%"
"12/02/2015","2.359","2.350","2.369","2.336","6.25M","-0.84%"
"12/01/2015","2.379","2.410","2.430","2.300","30.03M","-2.90%"
"11/30/2015","2.450","2.449","2.460","2.360","199.06M","1.28%"
"11/29/2015","2.419","2.444","2.444","2.400","6.12M","-0.45%"
"11/26/2015","2.430","2.422","2.440","2.420","7.24M","-0.37%"
"11/25/2015","2.439","2.430","2.445","2.415","8.30M","-0.45%"
"11/24/2015","2.450","2.489","2.490","2.430","11.51M","-1.69%"
"11/23/2015","2.492","2.495","2.495","2.467","7.31M","0.08%"
"11/22/2015","2.490","2.486","2.505","2.485","15.93M","-0.36%"
"11/19/2015","2.499","2.472","2.499","2.472","7.79M","0.40%"
"11/18/2015","2.489","2.499","2.499","2.469","11.20M","-0.40%"
"11/17/2015","2.499","2.460","2.500","2.460","17.86M","1.63%"
"11/16/2015","2.459","2.429","2.470","2.429","15.61M","1.24%"
"11/15/2015","2.429","2.470","2.471","2.420","12.75M","-0.65%"
"11/12/2015","2.445","2.440","2.455","2.410","3.74M","0.00%"
"11/11/2015","2.445","2.424","2.479","2.420","7.24M","0.87%"
"11/10/2015","2.424","2.450","2.450","2.413","8.35M","-1.18%"
"11/09/2015","2.453","2.425","2.458","2.418","3.61M","1.20%"
"11/08/2015","2.424","2.499","2.499","2.424","3.68M","-2.81%"
"11/05/2015","2.494","2.486","2.499","2.472","3.76M","0.32%"
"11/04/2015","2.486","2.500","2.510","2.481","5.08M","-0.48%"
"11/03/2015","2.498","2.500","2.530","2.480","28.80M","0.32%"
"11/02/2015","2.490","2.457","2.500","2.447","11.68M","1.01%"
"11/01/2015","2.465","2.417","2.478","2.417","4.77M","0.04%"
"10/29/2015","2.464","2.465","2.479","2.452","4.16M","0.57%"
"10/28/2015","2.450","2.483","2.483","2.432","5.18M","-1.29%"
"10/27/2015","2.482","2.487","2.510","2.482","6.93M","-0.20%"
"10/26/2015","2.487","2.453","2.497","2.453","3.99M","0.20%"
"10/25/2015","2.482","2.466","2.520","2.448","13.73M","0.65%"
"10/22/2015","2.466","2.430","2.480","2.430","32.06M","1.48%"
"10/21/2015","2.430","2.402","2.440","2.402","6.38M","-0.25%"
"10/20/2015","2.436","2.399","2.450","2.395","33.60M","4.06%"
"10/19/2015","2.341","2.313","2.360","2.313","14.70M","1.21%"
"10/18/2015","2.313","2.311","2.331","2.302","1.42M","0.09%"
"10/15/2015","2.311","2.310","2.333","2.305","4.07M","-0.56%"
"10/14/2015","2.324","2.361","2.361","2.315","3.60M","-1.57%"
"10/13/2015","2.361","2.360","2.370","2.360","3.38M","-0.38%"
"10/12/2015","2.370","2.386","2.400","2.362","5.78M","-1.25%"
"10/11/2015","2.400","2.380","2.425","2.380","2.81M","0.42%"
"10/08/2015","2.390","2.354","2.410","2.354","6.78M","0.84%"
"10/07/2015","2.370","2.380","2.380","2.340","3.22M","1.02%"
"10/06/2015","2.346","2.320","2.385","2.320","9.89M","1.12%"
"10/05/2015","2.320","2.305","2.325","2.304","1.96M","0.65%"
"10/04/2015","2.305","2.261","2.335","2.260","5.61M","0.66%"
"10/01/2015","2.290","2.239","2.298","2.239","7.29M","2.88%"
"09/30/2015","2.226","2.207","2.238","2.207","3.35M","0.45%"
"09/29/2015","2.216","2.205","2.289","2.200","4.81M","-0.40%"
"09/22/2015","2.225","2.220","2.239","2.220","691.97K","0.18%"
"09/21/2015","2.221","2.222","2.224","2.215","966.77K","-0.98%"
"09/20/2015","2.243","2.221","2.249","2.221","852.14K","-0.31%"
"09/17/2015","2.250","2.225","2.250","2.225","1.02M","0.54%"
"09/16/2015","2.238","2.230","2.250","2.221","2.73M","0.13%"
"09/15/2015","2.235","2.221","2.244","2.221","196.22K","-0.27%"
"09/14/2015","2.241","2.260","2.270","2.240","3.56M","-1.97%"
"09/13/2015","2.286","2.330","2.330","2.286","1.95M","-0.65%"
"09/10/2015","2.301","2.290","2.330","2.270","9.54M","-0.22%"
"09/09/2015","2.306","2.200","2.319","2.200","12.45M","4.77%"
"09/08/2015","2.201","2.111","2.238","2.111","7.83M","4.81%"
"09/06/2015","2.100","2.120","2.125","2.085","6.05M","-1.50%"
"09/03/2015","2.132","2.155","2.170","2.126","6.96M","-1.07%"
"09/01/2015","2.155","2.171","2.200","2.152","580.25K","-0.87%"
"08/31/2015","2.174","2.200","2.202","2.165","1.37M","-2.29%"
"08/30/2015","2.225","2.204","2.249","2.204","6.10M","1.09%"
"08/27/2015","2.201","2.185","2.250","2.125","2.96M","0.96%"
"08/26/2015","2.180","2.150","2.180","2.080","1.85M","1.11%"
"08/25/2015","2.156","2.010","2.200","2.005","5.58M","5.07%"
"08/24/2015","2.052","2.000","2.055","1.931","2.80M","0.20%"
"08/23/2015","2.048","2.160","2.160","2.030","2.57M","-6.18%"
"08/20/2015","2.183","2.194","2.210","2.180","789.38K","-0.50%"
"08/19/2015","2.194","2.190","2.195","2.190","1.38M","0.18%"
"08/18/2015","2.190","2.205","2.218","2.190","1.22M","-0.41%"
"08/17/2015","2.199","2.200","2.210","2.195","4.92M","0.23%"
"08/16/2015","2.194","2.190","2.200","2.185","643.00K","-0.27%"
"08/13/2015","2.200","2.184","2.205","2.184","939.21K","0.36%"
"08/12/2015","2.192","2.199","2.200","2.190","5.98M","-0.54%"
"08/11/2015","2.204","2.210","2.210","2.192","451.79K","0.18%"
"08/10/2015","2.200","2.192","2.210","2.192","1.42M","0.00%"
"08/09/2015","2.200","2.183","2.209","2.183","1.67M","-0.45%"
"08/06/2015","2.210","2.182","2.210","2.182","145.73K","1.14%"
"08/05/2015","2.185","2.184","2.200","2.184","691.67K","-0.68%"
"08/04/2015","2.200","2.190","2.210","2.180","260.45K","0.00%"
"08/03/2015","2.200","2.165","2.210","2.165","628.55K","0.46%"
"08/02/2015","2.190","2.171","2.210","2.171","758.78K","-0.90%"
"07/30/2015","2.210","2.221","2.223","2.205","1.23M","-0.90%"
"07/29/2015","2.230","2.240","2.250","2.220","784.48K","-0.62%"
"07/28/2015","2.244","2.215","2.250","2.215","1.29M","0.36%"
"07/27/2015","2.236","2.220","2.240","2.220","716.61K","-0.13%"
"07/26/2015","2.239","2.230","2.241","2.221","735.93K","0.40%"
"07/23/2015","2.230","2.221","2.243","2.221","275.07K","0.41%"
"07/22/2015","2.221","2.245","2.245","2.211","175.65K","-1.29%"
"07/16/2015","2.250","2.260","2.270","2.220","971.68K","0.00%"
"07/15/2015","2.250","2.230","2.250","2.225","2.49M","1.35%"
"07/14/2015","2.220","2.206","2.220","2.206","1.01M","0.68%"
"07/13/2015","2.205","2.210","2.210","2.191","699.46K","-0.23%"
"07/12/2015","2.210","2.215","2.219","2.210","617.72K","0.45%"
"07/09/2015","2.200","2.200","2.215","2.181","2.92M","0.05%"
"07/08/2015","2.199","2.200","2.215","2.190","817.21K","-0.09%"
"07/07/2015","2.201","2.218","2.218","2.200","1.47M","0.05%"
"07/06/2015","2.200","2.205","2.210","2.150","6.37M","-0.32%"
"07/05/2015","2.207","2.220","2.229","2.205","801.12K","-0.59%"
"07/02/2015","2.220","2.220","2.225","2.218","2.61M","-0.45%"
"07/01/2015","2.230","2.230","2.230","2.216","1.58M","0.36%"
"06/30/2015","2.222","2.245","2.245","2.220","1.27M","-0.36%"
"06/29/2015","2.230","2.220","2.244","2.220","341.15K","0.00%"
"06/28/2015","2.230","2.222","2.239","2.220","541.02K","-0.45%"
"06/25/2015","2.240","2.231","2.245","2.231","792.40K","-0.22%"
"06/24/2015","2.245","2.226","2.245","2.226","1.19M","0.22%"
"06/23/2015","2.240","2.231","2.250","2.230","2.21M","-0.40%"
"06/22/2015","2.249","2.249","2.249","2.230","530.64K","-0.04%"
"06/21/2015","2.250","2.221","2.250","2.221","294.25K","1.53%"
"06/18/2015","2.216","2.216","2.238","2.216","122.04K","0.00%"
"06/17/2015","2.216","2.230","2.230","2.216","718.46K","-0.63%"
"06/16/2015","2.230","2.212","2.230","2.212","353.88K","0.54%"
"06/15/2015","2.218","2.239","2.239","2.215","236.35K","0.14%"
"06/14/2015","2.215","2.237","2.239","2.215","776.65K","-0.98%"
"06/11/2015","2.237","2.235","2.265","2.223","4.08M","-0.58%"
"06/10/2015","2.250","2.220","2.260","2.220","2.36M","0.22%"
"06/09/2015","2.245","2.233","2.249","2.232","499.76K","0.58%"
"06/08/2015","2.232","2.232","2.248","2.232","824.74K","-0.80%"
"06/07/2015","2.250","2.230","2.250","2.220","1.69M","-0.22%"
"06/04/2015","2.255","2.225","2.255","2.225","1.41M","0.22%"
"06/03/2015","2.250","2.211","2.250","2.211","2.18M","0.13%"
"06/02/2015","2.247","2.266","2.289","2.245","896.34K","-1.66%"
"06/01/2015","2.285","2.230","2.299","2.215","2.67M","3.02%"
"05/31/2015","2.218","2.205","2.233","2.205","961.23K","-0.54%"
"05/28/2015","2.230","2.210","2.238","2.203","3.20M","0.45%"
"05/27/2015","2.220","2.220","2.240","2.220","5.08M","-0.13%"
"05/26/2015","2.223","2.250","2.250","2.223","1.88M","-0.76%"
"05/25/2015","2.240","2.251","2.251","2.227","2.73M","-0.53%"
"05/24/2015","2.252","2.251","2.260","2.245","2.09M","0.00%"
"05/21/2015","2.252","2.270","2.270","2.252","1.01M","-0.57%"
"05/20/2015","2.265","2.270","2.270","2.256","739.11K","0.22%"
"05/19/2015","2.260","2.252","2.266","2.252","609.21K","-0.26%"
"05/18/2015","2.266","2.261","2.270","2.260","1.88M","0.27%"
"05/17/2015","2.260","2.266","2.269","2.260","915.07K","-0.53%"
"05/14/2015","2.272","2.263","2.274","2.260","1.38M","0.40%"
"05/13/2015","2.263","2.260","2.270","2.260","364.71K","0.13%"
"05/12/2015","2.260","2.262","2.269","2.260","1.13M","-0.22%"
"05/11/2015","2.265","2.262","2.275","2.262","2.13M","-0.22%"
"05/10/2015","2.270","2.260","2.275","2.260","1.54M","-0.04%"
"05/07/2015","2.271","2.266","2.275","2.266","2.78M","-0.22%"
"05/06/2015","2.276","2.271","2.280","2.270","3.92M","0.22%"
"05/05/2015","2.271","2.260","2.271","2.252","793.85K","0.49%"
"05/04/2015","2.260","2.275","2.280","2.260","2.27M","-1.09%"
"05/03/2015","2.285","2.260","2.285","2.260","4.12M","0.40%"
"04/30/2015","2.276","2.270","2.280","2.261","1.05M","0.04%"
"04/29/2015","2.275","2.255","2.280","2.255","5.49M","0.22%"
"04/28/2015","2.270","2.261","2.294","2.261","1.56M","-0.22%"
"04/27/2015","2.275","2.253","2.287","2.253","6.74M","0.98%"
"04/26/2015","2.253","2.260","2.260","2.230","3.39M","-0.13%"
"04/23/2015","2.256","2.273","2.273","2.245","849.02K","-0.09%"
"04/22/2015","2.258","2.255","2.276","2.255","695.82K","0.13%"
"04/21/2015","2.255","2.240","2.269","2.240","1.03M","0.13%"
"04/20/2015","2.252","2.233","2.270","2.231","628.35K","0.09%"
"04/19/2015","2.250","2.250","2.250","2.235","1.91M","0.00%"
"04/16/2015","2.250","2.267","2.277","2.245","6.61M","-0.75%"
"04/15/2015","2.267","2.252","2.290","2.252","738.78K","0.53%"
"04/14/2015","2.255","2.245","2.270","2.245","777.41K","0.45%"
"04/13/2015","2.245","2.270","2.275","2.245","2.61M","-1.54%"
"04/12/2015","2.280","2.264","2.291","2.264","867.79K","0.88%"
"04/09/2015","2.260","2.255","2.300","2.252","3.42M","0.00%"
"04/08/2015","2.260","2.261","2.277","2.258","2.79M","-0.04%"
"04/07/2015","2.261","2.246","2.270","2.245","527.82K","0.67%"
"04/06/2015","2.246","2.265","2.276","2.246","474.18K","-0.84%"
"04/05/2015","2.265","2.261","2.269","2.250","1.44M","-0.22%"
"04/02/2015","2.270","2.228","2.270","2.211","1.63M","1.98%"
"04/01/2015","2.226","2.212","2.240","2.212","443.43K","-0.62%"
"03/31/2015","2.240","2.204","2.246","2.204","1.26M","1.31%"
"03/30/2015","2.211","2.221","2.239","2.206","929.78K","-0.85%"
"03/29/2015","2.230","2.207","2.260","2.200","1.86M","0.45%"
"03/26/2015","2.220","2.200","2.239","2.181","2.96M","-0.45%"
"03/25/2015","2.230","2.254","2.257","2.230","3.10M","-1.06%"
"03/24/2015","2.254","2.261","2.278","2.254","1.75M","-0.27%"
"03/23/2015","2.260","2.300","2.300","2.251","2.22M","-1.31%"
"03/22/2015","2.290","2.300","2.310","2.250","1.36M","-1.08%"
"03/19/2015","2.315","2.317","2.320","2.301","884.83K","1.09%"
"03/18/2015","2.290","2.299","2.330","2.280","2.44M","-0.65%"
"03/17/2015","2.305","2.284","2.312","2.280","1.87M","-0.04%"
"03/16/2015","2.306","2.320","2.320","2.300","1.19M","-0.60%"
"03/15/2015","2.320","2.320","2.335","2.301","3.67M","-0.68%"
"03/12/2015","2.336","2.350","2.368","2.322","1.73M","-0.97%"
"03/11/2015","2.359","2.385","2.385","2.301","4.68M","-5.60%"
"03/09/2015","2.499","2.490","2.499","2.450","3.84M","0.20%"
"03/08/2015","2.494","2.480","2.498","2.451","1.53M","0.56%"
"03/05/2015","2.480","2.430","2.490","2.430","2.98M","0.24%"
"03/04/2015","2.474","2.490","2.490","2.450","1.74M","-0.64%"
"03/03/2015","2.490","2.470","2.500","2.454","1.22M","0.40%"
"03/02/2015","2.480","2.474","2.520","2.465","3.71M","1.64%"
"02/26/2015","2.440","2.421","2.475","2.420","1.96M","0.78%"
"02/25/2015","2.421","2.421","2.433","2.419","2.27M","-0.78%"
"02/24/2015","2.440","2.430","2.449","2.414","1.25M","0.83%"
"02/23/2015","2.420","2.419","2.455","2.410","1.73M","0.04%"
"02/22/2015","2.419","2.421","2.450","2.415","1.30M","-0.94%"
"02/19/2015","2.442","2.460","2.500","2.442","6.91M","-2.51%"
"02/18/2015","2.505","2.500","2.515","2.500","4.61M","-0.20%"
"02/17/2015","2.510","2.500","2.515","2.490","18.34M","0.40%"
"02/16/2015","2.500","2.500","2.505","2.473","4.70M","0.00%"
"02/15/2015","2.500","2.480","2.530","2.470","8.04M","-0.20%"
"02/12/2015","2.505","2.493","2.520","2.491","8.10M","-0.60%"
"02/11/2015","2.520","2.499","2.530","2.499","10.72M","0.80%"
"02/09/2015","2.500","2.421","2.505","2.421","11.82M","2.04%"
"02/08/2015","2.450","2.405","2.475","2.400","13.10M","1.66%"
"02/05/2015","2.410","2.428","2.428","2.381","3.12M","-0.86%"
"02/04/2015","2.431","2.388","2.435","2.388","1.15M","0.91%"
"02/03/2015","2.409","2.390","2.420","2.372","4.17M","0.79%"
"02/02/2015","2.390","2.360","2.390","2.340","1.82M","1.27%"
"02/01/2015","2.360","2.342","2.369","2.331","933.00K","0.85%"
"01/29/2015","2.340","2.339","2.347","2.325","1.96M","0.04%"
"01/28/2015","2.339","2.340","2.363","2.330","1.93M","0.04%"
"01/27/2015","2.338","2.312","2.344","2.311","1.15M","0.39%"
"01/26/2015","2.329","2.313","2.335","2.306","3.16M","0.09%"
"01/25/2015","2.327","2.350","2.350","2.313","714.74K","-0.89%"
"01/22/2015","2.348","2.321","2.364","2.321","515.95K","-0.04%"
"01/21/2015","2.349","2.364","2.377","2.323","9.85M","-0.21%"
"01/20/2015","2.354","2.350","2.367","2.340","3.99M","0.43%"
"01/19/2015","2.344","2.321","2.365","2.318","9.37M","0.30%"
"01/18/2015","2.337","2.324","2.380","2.324","4.05M","-1.10%"
"01/15/2015","2.363","2.370","2.370","2.330","2.43M","0.55%"
"01/14/2015","2.350","2.345","2.350","2.297","2.38M","1.29%"
"01/13/2015","2.320","2.289","2.320","2.271","1.86M","0.00%"
"01/12/2015","2.320","2.288","2.330","2.288","1.92M","0.87%"
"01/11/2015","2.300","2.299","2.319","2.270","4.53M","0.00%"
"01/08/2015","2.300","2.274","2.310","2.274","9.18M","2.18%"
"01/07/2015","2.251","2.220","2.255","2.220","2.49M","0.54%"
"01/06/2015","2.239","2.200","2.259","2.190","7.48M","-2.23%"
"01/05/2015","2.290","2.250","2.299","2.250","1.26M","-0.43%"
"01/04/2015","2.300","2.309","2.310","2.276","3.11M","-0.43%"
"12/31/2014","2.310","2.261","2.329","2.261","2.54M","0.87%"
"12/30/2014","2.290","2.301","2.321","2.251","4.86M","-2.55%"
"12/29/2014","2.350","2.349","2.375","2.315","6.96M","0.00%"
"12/28/2014","2.350","2.320","2.370","2.310","6.61M","1.34%"
"12/25/2014","2.319","2.297","2.319","2.280","1.82M","1.05%"
"12/24/2014","2.295","2.260","2.305","2.260","3.88M","1.24%"
"12/23/2014","2.267","2.203","2.270","2.202","2.17M","1.02%"
"12/22/2014","2.244","2.280","2.280","2.193","4.07M","0.63%"
"12/21/2014","2.230","2.230","2.239","2.200","6.76M","9.53%"
"12/17/2014","2.036","2.030","2.090","2.030","6.63M","0.05%"
"12/16/2014","2.035","2.050","2.070","2.030","4.42M","-3.33%"
"12/15/2014","2.105","2.032","2.149","2.030","13.86M","1.20%"
"12/14/2014","2.080","2.100","2.100","1.950","9.22M","-3.93%"
"12/11/2014","2.165","2.217","2.217","2.130","6.61M","-2.91%"
"12/10/2014","2.230","2.244","2.285","2.205","4.13M","-1.63%"
"12/09/2014","2.267","2.275","2.286","2.231","2.73M","-1.43%"
"12/08/2014","2.300","2.285","2.304","2.285","1.75M","-0.69%"
"12/07/2014","2.316","2.301","2.326","2.285","1.33M","0.04%"
"12/04/2014","2.315","2.310","2.329","2.292","1.59M","0.22%"
"12/03/2014","2.310","2.301","2.324","2.290","2.69M","-1.24%"
"12/02/2014","2.339","2.333","2.368","2.300","2.42M","0.26%"
"12/01/2014","2.333","2.340","2.389","2.137","3.36M","-1.73%"
"11/30/2014","2.374","2.362","2.390","2.281","4.53M","-1.00%"
"11/27/2014","2.398","2.400","2.400","2.364","1.31M","-0.42%"
"11/26/2014","2.408","2.382","2.418","2.382","2.11M","0.75%"
"11/25/2014","2.390","2.410","2.438","2.390","4.17M","-1.40%"
"11/24/2014","2.424","2.410","2.439","2.408","802.07K","-0.21%"
"11/23/2014","2.429","2.434","2.435","2.402","1.95M","-0.21%"
"11/20/2014","2.434","2.413","2.438","2.409","2.96M","0.16%"
"11/19/2014","2.430","2.400","2.435","2.393","4.77M","0.21%"
"11/18/2014","2.425","2.410","2.430","2.390","2.54M","0.08%"
"11/17/2014","2.423","2.440","2.440","2.405","2.76M","0.41%"
"11/16/2014","2.413","2.455","2.479","2.395","3.33M","-1.71%"
"11/13/2014","2.455","2.441","2.480","2.440","4.52M","0.61%"
"11/12/2014","2.440","2.450","2.450","2.424","3.30M","-0.61%"
"11/11/2014","2.455","2.445","2.470","2.445","2.29M","-0.41%"
"11/10/2014","2.465","2.438","2.470","2.412","3.68M","1.44%"
"11/09/2014","2.430","2.430","2.440","2.404","2.66M","-0.12%"
"11/06/2014","2.433","2.420","2.439","2.416","1.85M","-0.04%"
"11/05/2014","2.434","2.441","2.450","2.414","4.22M","-0.86%"
"11/04/2014","2.455","2.429","2.475","2.420","9.32M","1.45%"
"11/03/2014","2.420","2.386","2.435","2.385","4.83M","0.41%"
"11/02/2014","2.410","2.390","2.430","2.381","2.30M","1.47%"
"10/30/2014","2.375","2.395","2.420","2.370","6.48M","-1.74%"
"10/29/2014","2.417","2.393","2.425","2.390","1.34M","0.29%"
"10/28/2014","2.410","2.400","2.419","2.390","10.55M","-0.17%"
"10/27/2014","2.414","2.421","2.425","2.375","2.16M","-0.29%"
"10/26/2014","2.421","2.399","2.429","2.390","8.13M","2.37%"
"10/23/2014","2.365","2.349","2.369","2.320","1.49M","1.07%"
"10/22/2014","2.340","2.340","2.370","2.330","5.26M","0.04%"
"10/21/2014","2.339","2.300","2.339","2.295","1.78M","0.43%"
"10/20/2014","2.329","2.349","2.365","2.280","2.75M","-0.85%"
"10/19/2014","2.349","2.297","2.350","2.295","4.71M","2.26%"
"10/16/2014","2.297","2.316","2.338","2.255","2.61M","-1.33%"
"10/15/2014","2.328","2.400","2.405","2.328","2.96M","-3.16%"
"10/14/2014","2.404","2.398","2.414","2.380","886.49K","-0.83%"
"10/13/2014","2.424","2.385","2.439","2.385","1.37M","0.41%"
"10/12/2014","2.414","2.430","2.430","2.390","2.39M","-0.94%"
"10/02/2014","2.437","2.417","2.445","2.406","2.98M","0.83%"
"10/01/2014","2.417","2.425","2.430","2.404","3.67M","-0.58%"
"09/30/2014","2.431","2.440","2.450","2.421","4.78M","-0.37%"
"09/29/2014","2.440","2.461","2.461","2.415","6.73M","-0.20%"
"09/28/2014","2.445","2.471","2.471","2.422","1.23M","0.00%"
"09/25/2014","2.445","2.474","2.475","2.430","1.76M","-1.17%"
"09/24/2014","2.474","2.489","2.489","2.450","3.41M","-0.24%"
"09/23/2014","2.480","2.473","2.490","2.440","4.19M","0.36%"
"09/22/2014","2.471","2.462","2.490","2.462","4.24M","-0.76%"
"09/21/2014","2.490","2.487","2.497","2.472","1.91M","-0.36%"
"09/18/2014","2.499","2.480","2.499","2.466","4.08M","0.08%"
"09/17/2014","2.497","2.490","2.500","2.481","1.97M","0.20%"
"09/16/2014","2.492","2.490","2.505","2.485","3.88M","-0.32%"
"09/15/2014","2.500","2.500","2.500","2.490","2.31M","0.28%"
"09/14/2014","2.493","2.520","2.520","2.490","2.67M","-0.68%"
"09/11/2014","2.510","2.500","2.510","2.450","9.20M","0.40%"
"09/10/2014","2.500","2.515","2.530","2.500","14.97M","0.00%"
"09/09/2014","2.500","2.475","2.500","2.475","5.56M","0.44%"
"09/08/2014","2.489","2.495","2.495","2.470","4.70M","-0.04%"
"09/07/2014","2.490","2.454","2.510","2.435","18.06M","1.43%"
"09/04/2014","2.455","2.400","2.455","2.400","4.88M","1.70%"
"09/03/2014","2.414","2.403","2.414","2.402","1.32M","0.00%"
"09/02/2014","2.414","2.411","2.425","2.405","2.20M","-0.45%"
"09/01/2014","2.425","2.420","2.425","2.390","2.38M","0.33%"
"08/31/2014","2.417","2.420","2.420","2.361","4.09M","2.85%"
"08/28/2014","2.350","2.401","2.420","2.350","5.88M","-2.49%"
"08/27/2014","2.410","2.430","2.450","2.410","3.96M","-0.66%"
"08/26/2014","2.426","2.459","2.459","2.425","1.60M","-0.57%"
"08/25/2014","2.440","2.430","2.449","2.421","3.32M","0.21%"
"08/24/2014","2.435","2.441","2.477","2.430","1.67M","-0.77%"
"08/21/2014","2.454","2.446","2.480","2.440","3.10M","-0.24%"
"08/20/2014","2.460","2.450","2.465","2.421","3.03M","0.00%"
"08/19/2014","2.460","2.445","2.480","2.420","4.22M","1.03%"
"08/18/2014","2.435","2.450","2.489","2.420","12.71M","-0.73%"
"08/17/2014","2.453","2.500","2.500","2.450","3.73M","-0.81%"
"08/14/2014","2.473","2.530","2.530","2.473","6.40M","-1.08%"
"08/13/2014","2.500","2.515","2.530","2.495","5.34M","-0.79%"
"08/12/2014","2.520","2.490","2.540","2.490","12.21M","1.20%"
"08/11/2014","2.490","2.466","2.490","2.465","5.05M","0.40%"
"08/10/2014","2.480","2.468","2.490","2.466","3.33M","-0.40%"
"08/07/2014","2.490","2.480","2.490","2.470","2.33M","0.40%"
"08/06/2014","2.480","2.499","2.499","2.470","3.83M","-0.40%"
"08/05/2014","2.490","2.481","2.500","2.475","7.40M","0.40%"
"08/04/2014","2.480","2.367","2.530","2.367","24.03M","3.64%"
"08/03/2014","2.393","2.380","2.395","2.350","3.33M","0.55%"
"07/27/2014","2.380","2.311","2.380","2.311","1.97M","1.71%"
"07/24/2014","2.340","2.360","2.360","2.301","5.54M","-1.06%"
"07/23/2014","2.365","2.360","2.380","2.345","2.32M","-0.21%"
"07/22/2014","2.370","2.380","2.380","2.332","5.19M","0.42%"
"07/21/2014","2.360","2.342","2.384","2.330","3.98M","-0.21%"
"07/20/2014","2.365","2.380","2.420","2.335","7.59M","-1.05%"
"07/17/2014","2.390","2.395","2.410","2.370","5.66M","-0.21%"
"07/16/2014","2.395","2.362","2.448","2.349","23.48M","3.68%"
"07/15/2014","2.310","2.300","2.337","2.290","4.59M","0.09%"
"07/14/2014","2.308","2.264","2.350","2.250","22.74M","1.90%"
"07/13/2014","2.265","2.230","2.280","2.223","9.67M","1.57%"
"07/10/2014","2.230","2.211","2.250","2.200","7.25M","0.86%"
"07/09/2014","2.211","2.200","2.219","2.160","9.37M","0.50%"
"07/08/2014","2.200","2.172","2.220","2.172","11.09M","0.00%"
"07/07/2014","2.200","2.190","2.200","2.150","1.22M","0.46%"
"07/06/2014","2.190","2.170","2.230","2.170","7.80M","-1.75%"
"07/03/2014","2.229","2.249","2.249","2.195","6.70M","0.81%"
"07/02/2014","2.211","2.150","2.235","2.110","11.80M","5.09%"
"07/01/2014","2.104","2.089","2.130","2.022","6.57M","4.16%"
"06/30/2014","2.020","2.100","2.150","2.020","9.14M","-3.81%"
"06/29/2014","2.100","2.180","2.180","2.080","3.73M","-4.33%"
"06/26/2014","2.195","2.200","2.230","2.180","3.08M","-0.54%"
"06/25/2014","2.207","2.260","2.270","2.200","4.97M","-2.35%"
"06/24/2014","2.260","2.266","2.290","2.260","2.97M","-0.62%"
"06/23/2014","2.274","2.280","2.285","2.265","2.19M","-0.48%"
"06/22/2014","2.285","2.300","2.303","2.275","2.03M","-0.65%"
"06/19/2014","2.300","2.302","2.330","2.295","3.75M","-0.78%"
"06/18/2014","2.318","2.302","2.338","2.290","5.35M","0.70%"
"06/17/2014","2.302","2.295","2.340","2.280","5.35M","0.52%"
"06/16/2014","2.290","2.320","2.330","2.280","4.49M","-1.72%"
"06/15/2014","2.330","2.350","2.360","2.325","3.79M","-0.85%"
"06/12/2014","2.350","2.330","2.359","2.330","4.41M","1.08%"
"06/11/2014","2.325","2.333","2.349","2.310","3.14M","0.13%"
"06/10/2014","2.322","2.350","2.359","2.320","9.28M","-1.61%"
"06/09/2014","2.360","2.399","2.399","2.351","8.39M","-0.88%"
"06/08/2014","2.381","2.400","2.400","2.379","2.99M","-0.79%"
"06/05/2014","2.400","2.390","2.420","2.382","6.90M","0.84%"
"06/04/2014","2.380","2.390","2.410","2.340","16.65M","0.42%"
"06/03/2014","2.370","2.380","2.410","2.349","10.74M","-1.25%"
"06/02/2014","2.400","2.329","2.400","2.291","14.85M","3.81%"
"06/01/2014","2.312","2.359","2.359","2.300","9.03M","1.40%"
"05/29/2014","2.280","2.370","2.400","2.280","15.95M","-4.76%"
"05/28/2014","2.394","2.389","2.400","2.350","12.47M","0.29%"
"05/27/2014","2.387","2.378","2.415","2.348","10.22M","1.66%"
"05/26/2014","2.348","2.370","2.370","2.300","6.38M","-0.68%"
"05/25/2014","2.364","2.353","2.390","2.350","6.76M","0.55%"
"05/22/2014","2.351","2.331","2.360","2.331","6.09M","1.03%"
"05/21/2014","2.327","2.351","2.369","2.320","10.21M","-1.61%"
"05/20/2014","2.365","2.402","2.445","2.361","10.81M","-1.54%"
"05/19/2014","2.402","2.469","2.469","2.401","5.81M","-1.96%"
"05/18/2014","2.450","2.466","2.470","2.443","7.53M","-1.25%"
"05/15/2014","2.481","2.470","2.499","2.421","34.13M","-2.13%"
"05/14/2014","2.535","2.520","2.545","2.490","29.69M","1.00%"
"05/13/2014","2.510","2.490","2.555","2.470","22.99M","0.56%"
"05/12/2014","2.496","2.490","2.499","2.451","11.46M","0.32%"
"05/11/2014","2.488","2.470","2.490","2.430","11.29M","1.14%"
"05/08/2014","2.460","2.470","2.490","2.446","7.61M","0.00%"
"05/07/2014","2.460","2.550","2.555","2.443","29.21M","-3.15%"
"05/06/2014","2.540","2.515","2.580","2.515","20.98M","0.79%"
"05/05/2014","2.520","2.575","2.590","2.520","30.46M","-0.79%"
"05/04/2014","2.540","2.490","2.590","2.490","67.05M","3.29%"
"05/01/2014","2.459","2.412","2.490","2.401","26.98M","2.46%"
"04/30/2014","2.400","2.355","2.412","2.350","16.42M","1.10%"
"04/29/2014","2.374","2.351","2.398","2.351","8.92M","0.21%"
"04/28/2014","2.369","2.382","2.390","2.330","13.47M","-1.17%"
"04/27/2014","2.397","2.420","2.445","2.380","16.41M","0.50%"
"04/24/2014","2.385","2.401","2.420","2.340","14.94M","-1.36%"
"04/23/2014","2.418","2.450","2.500","2.391","38.85M","-0.49%"
"04/22/2014","2.430","2.240","2.461","2.240","86.24M","8.58%"
"04/21/2014","2.238","2.219","2.245","2.200","20.56M","1.73%"
"04/20/2014","2.200","2.220","2.226","2.180","12.03M","-0.45%"
"04/17/2014","2.210","2.196","2.230","2.180","21.69M","0.87%"
"04/16/2014","2.191","2.180","2.199","2.164","8.53M","0.50%"
"04/15/2014","2.180","2.190","2.199","2.154","17.39M","0.97%"
"04/14/2014","2.159","2.118","2.198","2.118","18.37M","2.27%"
"04/13/2014","2.111","2.134","2.134","2.100","6.19M","-1.12%"
"04/10/2014","2.135","2.102","2.145","2.102","11.54M","1.14%"
"04/09/2014","2.111","2.100","2.120","2.082","24.28M","0.52%"
"04/08/2014","2.100","2.138","2.144","2.081","7.61M","-1.82%"
"04/07/2014","2.139","2.080","2.139","2.070","11.25M","3.68%"
"04/06/2014","2.063","2.065","2.084","2.055","7.01M","0.05%"
"04/03/2014","2.062","2.060","2.097","2.060","2.85M","0.05%"
"04/02/2014","2.061","2.035","2.086","2.035","10.28M","1.63%"
"04/01/2014","2.028","2.038","2.038","2.016","5.71M","0.65%"
"03/31/2014","2.015","2.028","2.028","2.010","11.97M","-0.25%"
"03/30/2014","2.020","2.039","2.055","2.001","2.02M","0.50%"
"03/27/2014","2.010","1.990","2.035","1.980","6.81M","1.01%"
"03/26/2014","1.990","1.970","2.010","1.970","4.50M","-0.30%"
"03/25/2014","1.996","1.915","1.996","1.901","6.55M","4.23%"
"03/24/2014","1.915","1.923","1.925","1.880","7.43M","-0.78%"
"03/23/2014","1.930","1.977","1.985","1.930","4.87M","-2.33%"
"03/20/2014","1.976","1.985","1.985","1.971","2.50M","-0.40%"
"03/19/2014","1.984","2.001","2.020","1.971","9.87M","-6.02%"
"03/17/2014","2.111","2.122","2.131","2.104","8.29M","-0.75%"
"03/16/2014","2.127","2.140","2.141","2.122","7.08M","-0.61%"
"03/13/2014","2.140","2.124","2.150","2.101","6.25M","0.00%"
"03/12/2014","2.140","2.131","2.145","2.131","3.82M","-0.47%"
"03/11/2014","2.150","2.155","2.169","2.135","7.39M","-0.56%"
"03/10/2014","2.162","2.157","2.162","2.132","8.22M","1.31%"
"03/09/2014","2.134","2.155","2.165","2.133","3.79M","-1.61%"
"03/06/2014","2.169","2.190","2.194","2.150","6.25M","1.36%"
"03/05/2014","2.140","2.175","2.200","2.112","16.62M","-2.73%"
"03/04/2014","2.200","2.150","2.201","2.120","7.53M","1.95%"
"03/03/2014","2.158","2.165","2.175","2.120","7.76M","-0.78%"
"02/27/2014","2.175","2.170","2.196","2.170","8.68M","0.14%"
"02/26/2014","2.172","2.185","2.200","2.170","5.70M","-0.59%"
"02/25/2014","2.185","2.216","2.219","2.170","11.31M","-2.24%"
"02/24/2014","2.235","2.230","2.248","2.200","6.99M","1.59%"
"02/23/2014","2.200","2.211","2.219","2.191","5.37M","-0.50%"
"02/20/2014","2.211","2.230","2.240","2.211","14.58M","-1.07%"
"02/19/2014","2.235","2.179","2.245","2.161","18.97M","3.14%"
"02/18/2014","2.167","2.175","2.180","2.156","2.38M","-0.37%"
"02/17/2014","2.175","2.180","2.185","2.164","6.47M","1.02%"
"02/16/2014","2.153","2.136","2.158","2.136","3.67M","0.23%"
"02/13/2014","2.148","2.183","2.198","2.130","9.20M","-1.60%"
"02/12/2014","2.183","2.092","2.183","2.092","15.79M","3.95%"
"02/10/2014","2.100","2.090","2.100","2.085","2.90M","0.43%"
"02/09/2014","2.091","2.099","2.099","2.089","1.26M","0.53%"
"02/06/2014","2.080","2.076","2.094","2.075","4.15M","-0.57%"
"02/05/2014","2.092","2.066","2.100","2.066","1.73M","0.87%"
"02/04/2014","2.074","2.095","2.099","2.040","1.62M","-1.24%"
"02/03/2014","2.100","2.087","2.105","2.087","1.83M","0.00%"
"02/02/2014","2.100","2.065","2.105","2.065","10.90M","0.86%"
"01/30/2014","2.082","2.097","2.097","2.082","3.61M","-0.76%"
"01/29/2014","2.098","2.090","2.105","2.088","3.10M","0.38%"
"01/28/2014","2.090","2.092","2.097","2.077","4.56M","-0.14%"
"01/27/2014","2.093","2.085","2.100","2.070","3.58M","-0.24%"
"01/26/2014","2.098","2.082","2.098","2.080","6.41M","-0.29%"
"01/23/2014","2.104","2.095","2.115","2.091","2.77M","0.00%"
"01/22/2014","2.104","2.100","2.108","2.092","3.70M","-0.05%"
"01/21/2014","2.105","2.090","2.107","2.085","3.12M","-0.19%"
"01/20/2014","2.109","2.110","2.120","2.090","9.89M","-0.05%"
"01/19/2014","2.110","2.095","2.119","2.095","6.60M","0.48%"
"01/16/2014","2.100","2.116","2.119","2.092","7.42M","-0.71%"
"01/15/2014","2.115","2.100","2.115","2.090","10.28M","1.39%"
"01/14/2014","2.086","2.076","2.100","2.066","12.32M","0.58%"
"01/13/2014","2.074","2.064","2.080","2.062","5.95M","-0.29%"
"01/12/2014","2.080","2.085","2.085","2.065","2.06M","0.24%"
"01/09/2014","2.075","2.070","2.085","2.060","5.18M","0.00%"
"01/08/2014","2.075","2.051","2.080","2.043","6.40M","1.02%"
"01/07/2014","2.054","2.056","2.083","2.050","5.63M","-0.77%"
"01/06/2014","2.070","2.045","2.075","2.043","10.61M","0.98%"
"01/05/2014","2.050","2.051","2.070","2.044","8.35M","0.00%"
"01/02/2014","2.050","2.032","2.076","2.032","4.98M","1.23%"
"12/31/2013","2.025","2.007","2.040","2.007","1.90M","-0.20%"
"12/30/2013","2.029","2.034","2.034","2.004","1.44M","-0.29%"
"12/29/2013","2.035","2.011","2.035","2.000","5.73M","-0.34%"
"12/26/2013","2.042","2.041","2.060","2.040","3.21M","-0.87%"
"12/25/2013","2.060","2.090","2.090","2.060","3.89M","-1.44%"
"12/24/2013","2.090","2.090","2.105","2.080","4.83M","-0.62%"
"12/23/2013","2.103","2.070","2.109","2.051","16.45M","0.48%"
"12/22/2013","2.093","2.145","2.145","2.086","8.40M","-2.42%"
"12/17/2013","2.145","2.123","2.145","2.123","2.97M","0.23%"
"12/16/2013","2.140","2.150","2.150","2.116","14.65M","-0.47%"
"12/15/2013","2.150","2.125","2.170","2.124","13.99M","0.70%"
"12/12/2013","2.135","2.113","2.135","2.110","3.13M","1.04%"
"12/11/2013","2.113","2.111","2.130","2.111","3.69M","-0.84%"
"12/10/2013","2.131","2.122","2.131","2.111","7.83M","0.80%"
"12/09/2013","2.114","2.101","2.127","2.101","7.78M","0.43%"
"12/08/2013","2.105","2.110","2.125","2.101","5.55M","-0.24%"
"12/05/2013","2.110","2.098","2.132","2.095","9.33M","0.96%"
"12/04/2013","2.090","2.081","2.090","2.078","4.79M","-0.33%"
"12/03/2013","2.097","2.099","2.105","2.075","4.92M","0.00%"
"12/02/2013","2.097","2.136","2.148","2.097","20.01M","-1.55%"
"12/01/2013","2.130","2.105","2.144","2.092","27.54M","2.16%"
"11/28/2013","2.085","2.050","2.100","2.025","18.65M","1.71%"
"11/27/2013","2.050","2.010","2.055","2.001","14.14M","1.94%"
"11/26/2013","2.011","2.030","2.030","2.010","2.63M","-0.20%"
"11/25/2013","2.015","2.023","2.036","2.015","4.66M","-0.25%"
"11/24/2013","2.020","2.000","2.035","2.000","3.00M","0.70%"
"11/21/2013","2.006","2.020","2.026","1.994","5.42M","-0.64%"
"11/20/2013","2.019","2.066","2.090","2.004","19.79M","-90.20%"
"11/19/2013","20.610","20.500","20.880","20.500","526.87M","908.32%"
"11/18/2013","2.044","1.986","2.050","1.979","25.00M","3.28%"
"11/17/2013","1.979","1.951","1.990","1.951","8.35M","1.12%"
"11/14/2013","1.957","1.953","1.968","1.945","3.19M","0.20%"
"11/13/2013","1.953","1.958","1.970","1.952","10.85M","-0.26%"
"11/12/2013","1.958","1.965","1.966","1.950","1.79M","-0.15%"
"11/11/2013","1.961","1.950","1.969","1.950","3.63M","0.56%"
"11/10/2013","1.950","1.959","1.960","1.942","2.60M","-0.46%"
"11/07/2013","1.959","1.950","1.959","1.937","2.86M","0.46%"
"11/06/2013","1.950","1.922","1.961","1.922","6.85M","1.19%"
"11/05/2013","1.927","1.917","1.932","1.905","3.08M","0.52%"
"11/04/2013","1.917","1.905","1.917","1.900","4.47M","0.26%"
"11/03/2013","1.912","1.916","1.922","1.907","2.33M","-0.16%"
"10/31/2013","1.915","1.900","1.932","1.897","4.51M","0.74%"
"10/30/2013","1.901","1.900","1.910","1.890","2.92M","0.11%"
"10/29/2013","1.899","1.884","1.902","1.861","5.59M","1.82%"
"10/28/2013","1.865","1.895","1.899","1.855","3.18M","-1.17%"
"10/27/2013","1.887","1.890","1.910","1.885","509.49K","0.00%"
"10/24/2013","1.887","1.883","1.918","1.880","1.80M","-0.47%"
"10/23/2013","1.896","1.905","1.905","1.893","2.34M","-0.47%"
"10/22/2013","1.905","1.902","1.912","1.900","1.40M","0.32%"
"10/21/2013","1.899","1.908","1.908","1.897","5.56M","-0.52%"
"10/20/2013","1.909","1.910","1.918","1.901","4.16M","-0.05%"
"10/10/2013","1.910","1.911","1.928","1.900","2.70M","-0.62%"
"10/09/2013","1.922","1.930","1.930","1.914","2.71M","-0.41%"
"10/08/2013","1.930","1.947","1.947","1.918","1.96M","0.00%"
"10/07/2013","1.930","1.949","1.955","1.923","3.65M","-1.78%"
"10/06/2013","1.965","1.980","1.980","1.952","2.76M","-0.20%"
"10/03/2013","1.969","1.949","1.980","1.949","8.20M","1.86%"
"10/02/2013","1.933","1.911","1.955","1.906","5.37M","1.15%"
"10/01/2013","1.911","1.929","1.929","1.890","4.33M","0.53%"
"09/30/2013","1.901","1.926","1.930","1.901","4.12M","-1.50%"
"09/29/2013","1.930","1.901","1.940","1.901","938.34K","1.05%"
"09/26/2013","1.910","1.931","1.950","1.910","3.50M","-1.85%"
"09/25/2013","1.946","1.950","1.957","1.946","1.61M","-0.71%"
"09/24/2013","1.960","1.971","1.990","1.950","4.60M","-0.96%"
"09/23/2013","1.979","1.967","1.985","1.955","5.03M","0.20%"
"09/22/2013","1.975","1.989","1.989","1.970","2.51M","-0.80%"
"09/19/2013","1.991","2.000","2.010","1.985","7.54M","0.56%"
"09/18/2013","1.980","1.965","1.995","1.960","6.05M","0.51%"
"09/17/2013","1.970","1.965","1.980","1.962","3.70M","0.00%"
"09/16/2013","1.970","1.960","1.991","1.960","5.99M","-0.40%"
"09/15/2013","1.978","1.950","2.005","1.950","14.72M","2.70%"
"09/12/2013","1.926","1.940","1.955","1.903","7.98M","0.26%"
"09/11/2013","1.921","1.952","1.955","1.920","4.11M","-0.72%"
"09/10/2013","1.935","1.900","1.951","1.900","21.60M","5.51%"
"09/09/2013","1.834","1.841","1.850","1.810","2.24M","-0.38%"
"09/08/2013","1.841","1.825","1.890","1.825","1.99M","0.88%"
"09/05/2013","1.825","1.810","1.828","1.801","6.44M","-1.35%"
"09/04/2013","1.850","1.893","1.900","1.801","6.90M","-2.27%"
"09/03/2013","1.893","1.940","1.942","1.880","6.75M","-1.66%"
"09/02/2013","1.925","1.930","1.970","1.920","7.88M","-0.26%"
"09/01/2013","1.930","1.945","1.999","1.929","13.79M","0.05%"
"08/29/2013","1.929","1.781","1.935","1.781","25.72M","8.37%"
"08/28/2013","1.780","1.885","1.896","1.721","45.63M","-6.56%"
"08/27/2013","1.905","1.930","1.940","1.882","14.57M","-2.36%"
"08/26/2013","1.951","2.032","2.035","1.950","9.83M","-4.13%"
"08/25/2013","2.035","2.035","2.055","2.031","1.30M","-0.73%"
"08/22/2013","2.050","2.060","2.069","2.034","9.82M","-0.10%"
"08/21/2013","2.052","2.070","2.074","2.020","14.42M","0.64%"
"08/20/2013","2.039","2.100","2.100","2.035","9.07M","-2.90%"
"08/19/2013","2.100","2.050","2.107","2.047","29.56M","2.59%"
"08/18/2013","2.047","1.989","2.060","1.952","13.46M","3.75%"
"08/15/2013","1.973","1.930","2.000","1.920","24.34M","2.28%"
"08/14/2013","1.929","1.870","1.934","1.870","19.42M","3.16%"
"08/13/2013","1.870","1.868","1.880","1.863","3.43M","0.38%"
"08/07/2013","1.863","1.851","1.870","1.851","1.49M","-0.21%"
"08/06/2013","1.867","1.855","1.875","1.855","2.60M","-0.16%"
"08/05/2013","1.870","1.850","1.870","1.841","1.26M","0.81%"
"08/04/2013","1.855","1.840","1.875","1.840","3.15M","0.32%"
"08/01/2013","1.849","1.839","1.860","1.813","7.29M","1.59%"
"07/31/2013","1.820","1.830","1.830","1.815","3.74M","-0.38%"
"07/30/2013","1.827","1.817","1.831","1.817","6.27M","0.11%"
"07/29/2013","1.825","1.810","1.825","1.810","1.91M","0.61%"
"07/28/2013","1.814","1.815","1.820","1.812","1.03M","-0.60%"
"07/25/2013","1.825","1.810","1.828","1.810","2.55M","-0.27%"
"07/24/2013","1.830","1.830","1.832","1.820","4.61M","0.00%"
"07/23/2013","1.830","1.834","1.844","1.828","4.11M","-0.22%"
"07/22/2013","1.834","1.821","1.840","1.820","2.97M","0.71%"
"07/21/2013","1.821","1.820","1.829","1.812","1.50M","-0.65%"
"07/18/2013","1.833","1.801","1.840","1.801","3.45M","1.16%"
"07/17/2013","1.812","1.807","1.812","1.792","11.42M","0.11%"
"07/16/2013","1.810","1.817","1.817","1.801","8.36M","-0.71%"
"07/15/2013","1.823","1.841","1.848","1.819","9.69M","-1.46%"
"07/14/2013","1.850","1.850","1.865","1.840","1.13M","0.11%"
"07/11/2013","1.848","1.839","1.848","1.838","3.90M","0.49%"
"07/10/2013","1.839","1.841","1.854","1.839","3.97M","-0.59%"
"07/09/2013","1.850","1.845","1.859","1.841","1.97M","0.43%"
"07/08/2013","1.842","1.884","1.884","1.841","3.58M","-1.55%"
"07/07/2013","1.871","1.860","1.885","1.860","9.49M","-0.05%"
"07/04/2013","1.872","1.870","1.885","1.870","2.94M","-0.37%"
"07/03/2013","1.879","1.875","1.881","1.871","1.86M","0.43%"
"07/02/2013","1.871","1.845","1.889","1.845","13.37M","1.68%"
"07/01/2013","1.840","1.830","1.840","1.825","3.66M","0.55%"
"06/30/2013","1.830","1.814","1.845","1.814","2.85M","0.05%"
"06/27/2013","1.829","1.819","1.834","1.816","4.73M","0.38%"
"06/26/2013","1.822","1.802","1.850","1.802","7.33M","0.66%"
"06/24/2013","1.810","1.766","1.825","1.766","11.00M","2.14%"
"06/23/2013","1.772","1.762","1.808","1.762","9.39M","-0.51%"
"06/20/2013","1.781","1.810","1.810","1.776","7.83M","-1.60%"
"06/19/2013","1.810","1.820","1.822","1.810","3.45M","-0.66%"
"06/18/2013","1.822","1.823","1.830","1.815","7.82M","-0.76%"
"06/17/2013","1.836","1.826","1.853","1.826","10.06M","-0.76%"
"06/16/2013","1.850","1.820","1.852","1.800","9.34M","0.00%"
"06/13/2013","1.850","1.880","1.880","1.850","10.77M","-1.86%"
"06/12/2013","1.885","1.900","1.900","1.876","6.47M","0.16%"
"06/11/2013","1.882","1.875","1.882","1.865","3.64M","0.37%"
"06/10/2013","1.875","1.862","1.884","1.862","4.38M","-0.58%"
"06/09/2013","1.886","1.860","1.895","1.851","10.46M","2.50%"
"06/06/2013","1.840","1.820","1.848","1.801","3.16M","-0.54%"
"06/05/2013","1.850","1.800","1.866","1.750","13.80M","-1.44%"
"06/04/2013","1.877","1.877","1.885","1.870","6.66M","-0.05%"
"06/03/2013","1.878","1.889","1.900","1.870","10.81M","0.97%"
"06/02/2013","1.860","1.799","1.898","1.799","17.88M","3.62%"
"05/30/2013","1.795","1.753","1.798","1.746","7.91M","2.05%"
"05/29/2013","1.759","1.747","1.765","1.747","8.89M","0.23%"
"05/28/2013","1.755","1.742","1.755","1.740","4.07M","-0.06%"
"05/27/2013","1.756","1.750","1.760","1.750","6.77M","-0.23%"
"05/26/2013","1.760","1.742","1.760","1.742","7.20M","0.63%"
"05/23/2013","1.749","1.752","1.758","1.740","9.55M","-0.91%"
"05/22/2013","1.765","1.732","1.766","1.730","12.51M","1.55%"
"05/21/2013","1.738","1.741","1.769","1.725","13.32M","-0.69%"
"05/20/2013","1.750","1.709","1.750","1.709","14.56M","2.88%"
"05/19/2013","1.701","1.673","1.703","1.670","17.79M","1.73%"
"05/16/2013","1.672","1.660","1.673","1.660","21.91M","0.42%"
"05/15/2013","1.665","1.635","1.675","1.635","25.95M","1.71%"
"05/14/2013","1.637","1.629","1.638","1.629","10.00M","0.55%"
"05/13/2013","1.628","1.625","1.629","1.624","4.72M","0.12%"
"05/12/2013","1.626","1.621","1.629","1.621","3.60M","0.06%"
"05/09/2013","1.625","1.620","1.626","1.620","2.08M","0.00%"
"05/08/2013","1.625","1.619","1.629","1.615","5.16M","0.06%"
"05/07/2013","1.624","1.620","1.632","1.618","8.82M","0.37%"
"05/06/2013","1.618","1.602","1.626","1.600","7.93M","0.37%"
"05/05/2013","1.612","1.603","1.615","1.600","6.27M","0.56%"
"05/02/2013","1.603","1.571","1.604","1.571","11.40M","2.04%"
"05/01/2013","1.571","1.565","1.578","1.560","1.20M","0.06%"
"04/30/2013","1.570","1.570","1.573","1.557","921.96K","0.06%"
"04/29/2013","1.569","1.570","1.571","1.555","9.73M","-0.38%"
"04/28/2013","1.575","1.560","1.578","1.560","3.66M","0.77%"
"04/25/2013","1.563","1.570","1.570","1.563","2.53M","-0.64%"
"04/24/2013","1.573","1.570","1.573","1.565","6.21M","0.06%"
"04/23/2013","1.572","1.564","1.575","1.562","5.71M","0.77%"
"04/22/2013","1.560","1.565","1.568","1.553","1.35M","-0.32%"
"04/21/2013","1.565","1.553","1.570","1.553","836.21K","-0.32%"
"04/18/2013","1.570","1.551","1.570","1.551","2.47M","0.83%"
"04/17/2013","1.557","1.560","1.569","1.545","1.01M","0.13%"
"04/16/2013","1.555","1.548","1.565","1.542","2.77M","0.26%"
"04/15/2013","1.551","1.563","1.563","1.550","6.45M","-0.77%"
"04/14/2013","1.563","1.595","1.595","1.560","5.07M","-2.07%"
"04/11/2013","1.596","1.600","1.600","1.595","2.02M","-0.25%"
"04/10/2013","1.600","1.595","1.608","1.595","967.30K","-0.31%"
"04/09/2013","1.605","1.608","1.610","1.596","2.33M","-0.19%"
"04/08/2013","1.608","1.600","1.615","1.600","3.95M","-0.12%"
"04/07/2013","1.610","1.610","1.610","1.600","8.38M","-0.56%"
"04/04/2013","1.619","1.617","1.629","1.607","6.49M","-0.67%"
"04/03/2013","1.630","1.628","1.640","1.620","8.20M","0.12%"
"04/02/2013","1.628","1.610","1.628","1.610","8.60M","0.87%"
"04/01/2013","1.614","1.589","1.614","1.585","11.13M","1.51%"
"03/31/2013","1.590","1.594","1.595","1.584","4.60M","-0.31%"
"03/28/2013","1.595","1.600","1.614","1.591","13.59M","-7.11%"
"03/26/2013","1.717","1.715","1.720","1.704","15.91M","0.06%"
"03/25/2013","1.716","1.739","1.739","1.705","16.37M","-0.81%"
"03/24/2013","1.730","1.743","1.760","1.720","20.77M","-1.09%"
"03/21/2013","1.749","1.739","1.758","1.739","10.54M","0.29%"
"03/20/2013","1.744","1.741","1.745","1.733","8.10M","0.40%"
"03/19/2013","1.737","1.724","1.740","1.724","10.97M","0.46%"
"03/18/2013","1.729","1.724","1.740","1.724","5.65M","0.17%"
"03/17/2013","1.726","1.733","1.740","1.725","13.38M","0.35%"
"03/14/2013","1.720","1.692","1.729","1.692","20.78M","1.18%"
"03/13/2013","1.700","1.683","1.705","1.680","10.35M","0.65%"
"03/12/2013","1.689","1.697","1.702","1.679","8.90M","0.24%"
"03/11/2013","1.685","1.719","1.719","1.683","26.35M","3.06%"
"03/10/2013","1.635","1.625","1.636","1.612","2.43M","0.74%"
"03/07/2013","1.623","1.636","1.636","1.615","2.37M","-0.49%"
"03/06/2013","1.631","1.629","1.640","1.618","4.02M","-0.37%"
"03/05/2013","1.637","1.642","1.653","1.630","3.92M","-1.09%"
"03/04/2013","1.655","1.661","1.664","1.650","2.10M","-0.30%"
"02/28/2013","1.660","1.662","1.669","1.656","3.77M","-0.24%"
"02/27/2013","1.664","1.661","1.680","1.660","3.97M","-0.36%"
"02/26/2013","1.670","1.655","1.675","1.650","16.18M","0.60%"
"02/25/2013","1.660","1.665","1.666","1.650","3.94M","0.12%"
"02/24/2013","1.658","1.651","1.674","1.651","6.06M","-0.72%"
"02/21/2013","1.670","1.670","1.694","1.669","17.62M","-0.24%"
"02/20/2013","1.674","1.622","1.675","1.622","25.73M","2.20%"
"02/19/2013","1.638","1.625","1.645","1.620","11.43M","0.74%"
"02/18/2013","1.626","1.630","1.630","1.619","2.79M","-0.06%"
"02/17/2013","1.627","1.631","1.631","1.623","5.37M","-0.18%"
"02/14/2013","1.630","1.625","1.645","1.620","9.96M","0.37%"
"02/13/2013","1.624","1.624","1.628","1.620","6.06M","0.25%"
"02/11/2013","1.620","1.619","1.623","1.615","6.87M","0.43%"
"02/10/2013","1.613","1.601","1.613","1.599","7.26M","0.81%"
"02/07/2013","1.600","1.605","1.609","1.586","5.56M","-1.05%"
"02/06/2013","1.617","1.629","1.633","1.581","7.26M","-0.61%"
"02/05/2013","1.627","1.616","1.636","1.615","10.44M","0.62%"
"02/04/2013","1.617","1.590","1.625","1.589","17.95M","1.76%"
"02/03/2013","1.589","1.576","1.595","1.576","5.20M","0.00%"
"01/31/2013","1.589","1.568","1.589","1.568","5.19M","0.89%"
"01/30/2013","1.575","1.566","1.579","1.566","2.05M","0.19%"
"01/29/2013","1.572","1.565","1.576","1.560","3.10M","0.45%"
"01/28/2013","1.565","1.571","1.588","1.562","4.87M","-0.95%"
"01/27/2013","1.580","1.579","1.591","1.561","4.46M","0.32%"
"01/24/2013","1.575","1.572","1.579","1.565","1.53M","0.19%"
"01/23/2013","1.572","1.579","1.579","1.565","1.80M","0.06%"
"01/22/2013","1.571","1.555","1.575","1.555","1.08M","0.64%"
"01/21/2013","1.561","1.575","1.575","1.560","3.39M","-1.14%"
"01/20/2013","1.579","1.572","1.589","1.572","2.61M","-0.63%"
"01/17/2013","1.589","1.585","1.590","1.565","1.14M","0.25%"
"01/16/2013","1.585","1.565","1.589","1.565","2.52M","0.96%"
"01/15/2013","1.570","1.575","1.580","1.564","1.99M","-0.95%"
"01/14/2013","1.585","1.564","1.585","1.564","1.57M","1.02%"
"01/13/2013","1.569","1.580","1.589","1.560","818.75K","-0.63%"
"01/10/2013","1.579","1.566","1.585","1.566","2.73M","1.22%"
"01/09/2013","1.560","1.561","1.570","1.560","1.40M","-0.32%"
"01/08/2013","1.565","1.569","1.570","1.560","1.95M","-0.70%"
"01/07/2013","1.576","1.576","1.579","1.561","1.22M","0.00%"
"01/06/2013","1.576","1.594","1.594","1.569","6.79M","-0.88%"
"01/03/2013","1.590","1.560","1.592","1.560","10.90M","1.92%"
"01/02/2013","1.560","1.530","1.565","1.526","5.03M","2.23%"
"12/31/2012","1.526","1.521","1.530","1.518","1.67M","-0.07%"
"12/30/2012","1.527","1.525","1.540","1.521","977.86K","-0.07%"
"12/27/2012","1.528","1.527","1.535","1.525","1.64M","-0.20%"
"12/26/2012","1.531","1.550","1.550","1.531","3.35M","-1.16%"
"12/25/2012","1.549","1.545","1.551","1.545","1.89M","0.00%"
"12/24/2012","1.549","1.546","1.550","1.546","1.32M","-0.19%"
"12/23/2012","1.552","1.531","1.555","1.531","3.40M","0.45%"
"12/20/2012","1.545","1.525","1.545","1.524","3.10M","0.13%"
"12/19/2012","1.543","1.521","1.543","1.521","3.74M","1.45%"
"12/17/2012","1.521","1.523","1.525","1.521","1.19M","0.00%"
"12/16/2012","1.521","1.516","1.525","1.516","669.69K","0.33%"
"12/13/2012","1.516","1.515","1.519","1.513","1.17M","0.07%"
"12/12/2012","1.515","1.510","1.520","1.506","2.66M","0.13%"
"12/11/2012","1.513","1.512","1.515","1.512","1.01M","-0.07%"
"12/10/2012","1.514","1.513","1.518","1.511","922.88K","0.00%"
"12/09/2012","1.514","1.520","1.520","1.513","1.57M","-0.20%"
"12/06/2012","1.517","1.510","1.517","1.510","376.08K","-0.13%"
"12/05/2012","1.519","1.523","1.523","1.506","1.13M","-0.26%"
"12/04/2012","1.523","1.510","1.525","1.510","741.42K","0.66%"
"12/03/2012","1.513","1.516","1.517","1.508","1.53M","-0.26%"
"12/02/2012","1.517","1.530","1.530","1.515","1.11M","-0.07%"
"11/29/2012","1.518","1.524","1.525","1.518","901.38K","-0.20%"
"11/28/2012","1.521","1.518","1.523","1.515","604.50K","0.33%"
"11/27/2012","1.516","1.524","1.524","1.515","1.36M","-0.26%"
"11/26/2012","1.520","1.514","1.524","1.514","1.84M","0.26%"
"11/25/2012","1.516","1.520","1.532","1.510","2.00M","-0.20%"
"11/22/2012","1.519","1.518","1.522","1.512","552.58K","0.07%"
"11/21/2012","1.518","1.508","1.530","1.506","1.26M","0.46%"
"11/20/2012","1.511","1.521","1.524","1.510","3.59M","-0.53%"
"11/19/2012","1.519","1.521","1.526","1.519","1.26M","-0.13%"
"11/18/2012","1.521","1.530","1.530","1.516","1.15M","-0.59%"
"11/15/2012","1.530","1.527","1.530","1.520","1.92M","0.13%"
"11/14/2012","1.528","1.525","1.533","1.514","2.19M","-0.33%"
"11/13/2012","1.533","1.545","1.545","1.526","2.14M","-0.39%"
"11/12/2012","1.539","1.550","1.558","1.538","2.89M","-0.65%"
"11/11/2012","1.549","1.550","1.553","1.546","2.88M","-0.64%"
"11/08/2012","1.559","1.554","1.560","1.547","2.60M","0.32%"
"11/07/2012","1.554","1.559","1.559","1.550","1.23M","-0.26%"
"11/06/2012","1.558","1.553","1.561","1.553","900.75K","0.19%"
"11/05/2012","1.555","1.558","1.568","1.550","883.40K","-0.19%"
"11/04/2012","1.558","1.552","1.568","1.552","2.52M","0.19%"
"11/01/2012","1.555","1.541","1.558","1.540","1.47M","0.39%"
"10/31/2012","1.549","1.540","1.550","1.539","877.44K","0.39%"
"10/30/2012","1.543","1.550","1.550","1.539","1.33M","-0.39%"
"10/24/2012","1.549","1.542","1.559","1.538","2.70M","0.00%"
"10/23/2012","1.549","1.555","1.555","1.546","2.30M","-0.06%"
"10/22/2012","1.550","1.570","1.570","1.546","9.25M","-1.65%"
"10/21/2012","1.576","1.577","1.580","1.573","2.43M","-0.25%"
"10/18/2012","1.580","1.577","1.581","1.575","3.16M","0.00%"
"10/17/2012","1.580","1.577","1.585","1.577","4.27M","0.00%"
"10/16/2012","1.580","1.580","1.582","1.577","2.48M","0.25%"
"10/15/2012","1.576","1.578","1.582","1.576","1.72M","-0.06%"
"10/14/2012","1.577","1.580","1.580","1.575","1.97M","-0.19%"
"10/11/2012","1.580","1.579","1.582","1.576","2.59M","0.06%"
"10/10/2012","1.579","1.580","1.583","1.575","1.38M","-0.25%"
"10/09/2012","1.583","1.580","1.585","1.578","894.99K","0.19%"
"10/08/2012","1.580","1.582","1.582","1.576","1.89M","-0.13%"
"10/07/2012","1.582","1.576","1.588","1.575","2.93M","0.38%"
"10/04/2012","1.576","1.580","1.582","1.572","2.35M","-0.25%"
"10/03/2012","1.580","1.580","1.589","1.576","1.39M","-0.13%"
"10/02/2012","1.582","1.589","1.589","1.578","446.76K","-0.44%"
"10/01/2012","1.589","1.582","1.589","1.576","2.67M","0.89%"
"09/30/2012","1.575","1.576","1.580","1.573","3.50M","-0.38%"
"09/27/2012","1.581","1.579","1.585","1.576","3.45M","0.13%"
"09/26/2012","1.579","1.585","1.585","1.578","2.83M","-0.32%"
"09/25/2012","1.584","1.580","1.594","1.580","1.95M","-0.25%"
"09/24/2012","1.588","1.590","1.598","1.585","1.45M","-0.13%"
"09/23/2012","1.590","1.580","1.590","1.580","877.54K","-0.06%"
"09/20/2012","1.591","1.587","1.591","1.577","2.81M","0.06%"
"09/19/2012","1.590","1.587","1.594","1.585","1.92M","0.25%"
"09/18/2012","1.586","1.595","1.598","1.585","2.10M","-0.56%"
"09/17/2012","1.595","1.600","1.605","1.594","3.46M","-0.31%"
"09/16/2012","1.600","1.600","1.605","1.594","4.08M","0.13%"
"09/13/2012","1.598","1.595","1.609","1.595","7.51M","0.19%"
"09/12/2012","1.595","1.581","1.595","1.581","4.88M","0.82%"
"09/11/2012","1.582","1.581","1.585","1.576","3.07M","0.06%"
"09/10/2012","1.581","1.580","1.586","1.577","1.78M","-0.13%"
"09/09/2012","1.583","1.580","1.586","1.575","1.76M","0.00%"
"09/06/2012","1.583","1.586","1.588","1.578","2.63M","-0.19%"
"09/05/2012","1.586","1.585","1.590","1.582","2.85M","-0.06%"
"09/04/2012","1.587","1.586","1.590","1.584","2.77M","-0.06%"
"09/03/2012","1.588","1.590","1.598","1.585","2.23M","-0.19%"
"09/02/2012","1.591","1.591","1.600","1.590","1.78M","-0.13%"
"08/30/2012","1.593","1.599","1.600","1.588","1.68M","0.19%"
"08/29/2012","1.590","1.610","1.610","1.590","4.15M","-1.12%"
"08/28/2012","1.608","1.613","1.613","1.605","3.24M","-0.31%"
"08/27/2012","1.613","1.616","1.617","1.607","3.01M","-0.19%"
"08/26/2012","1.616","1.609","1.616","1.587","4.64M","1.19%"
"08/23/2012","1.597","1.585","1.605","1.585","4.48M","0.76%"
"08/22/2012","1.585","1.590","1.590","1.580","816.60K","-0.06%"
"08/16/2012","1.586","1.580","1.590","1.580","3.37M","0.00%"
"08/15/2012","1.586","1.578","1.588","1.578","1.78M","0.32%"
"08/14/2012","1.581","1.572","1.587","1.570","4.68M","0.06%"
"08/13/2012","1.580","1.569","1.588","1.569","2.28M","0.25%"
"08/12/2012","1.576","1.570","1.576","1.570","3.39M","0.57%"
"08/09/2012","1.567","1.570","1.576","1.567","4.65M","-0.44%"
"08/08/2012","1.574","1.564","1.574","1.563","1.23M","0.45%"
"08/07/2012","1.567","1.572","1.572","1.567","1.07M","-0.32%"
"08/06/2012","1.572","1.579","1.579","1.570","1.08M","-0.19%"
"08/05/2012","1.575","1.580","1.585","1.566","2.40M","-0.25%"
"08/02/2012","1.579","1.570","1.580","1.570","2.10M","0.45%"
"08/01/2012","1.572","1.570","1.579","1.566","1.87M","0.13%"
"07/31/2012","1.570","1.553","1.573","1.553","2.57M","0.64%"
"07/30/2012","1.560","1.560","1.570","1.550","2.40M","0.00%"
"07/29/2012","1.560","1.552","1.566","1.552","1.93M","0.58%"
"07/26/2012","1.551","1.551","1.558","1.550","2.45M","-0.06%"
"07/25/2012","1.552","1.555","1.558","1.551","3.43M","-0.32%"
"07/24/2012","1.557","1.555","1.558","1.555","1.77M","0.00%"
"07/23/2012","1.557","1.556","1.559","1.555","1.20M","-0.19%"
"07/22/2012","1.560","1.558","1.561","1.557","2.93M","0.06%"
"07/19/2012","1.559","1.570","1.570","1.559","2.37M","-0.70%"
"07/18/2012","1.570","1.569","1.576","1.567","2.47M","-0.13%"
"07/17/2012","1.572","1.578","1.578","1.568","2.66M","0.00%"
"07/16/2012","1.572","1.568","1.573","1.567","3.16M","0.26%"
"07/15/2012","1.568","1.580","1.580","1.565","2.51M","-0.76%"
"07/12/2012","1.580","1.570","1.594","1.570","4.29M","0.38%"
"07/11/2012","1.574","1.589","1.590","1.568","4.09M","-0.94%"
"07/10/2012","1.589","1.605","1.605","1.582","4.03M","-0.63%"
"07/09/2012","1.599","1.622","1.630","1.581","9.29M","-1.11%"
"07/08/2012","1.617","1.583","1.630","1.580","12.34M","2.08%"
"07/05/2012","1.584","1.575","1.584","1.560","5.44M","0.64%"
"07/04/2012","1.574","1.546","1.575","1.546","4.32M","1.35%"
"07/03/2012","1.553","1.555","1.557","1.548","2.94M","0.13%"
"07/02/2012","1.551","1.552","1.557","1.550","2.66M","-0.45%"
"07/01/2012","1.558","1.560","1.560","1.553","2.16M","0.19%"
"06/28/2012","1.555","1.547","1.555","1.547","2.11M","0.26%"
"06/27/2012","1.551","1.550","1.557","1.547","3.13M","0.00%"
"06/26/2012","1.551","1.550","1.555","1.550","1.85M","-0.19%"
"06/25/2012","1.554","1.555","1.568","1.551","2.56M","-0.06%"
"06/24/2012","1.555","1.555","1.565","1.552","3.04M","-0.32%"
"06/21/2012","1.560","1.556","1.570","1.554","2.57M","0.00%"
"06/20/2012","1.560","1.555","1.565","1.555","2.66M","-0.32%"
"06/19/2012","1.565","1.570","1.570","1.557","1.15M","0.19%"
"06/18/2012","1.562","1.550","1.565","1.550","2.08M","0.77%"
"06/17/2012","1.550","1.559","1.559","1.549","2.26M","-0.45%"
"06/14/2012","1.557","1.551","1.565","1.546","2.78M","0.26%"
"06/13/2012","1.553","1.558","1.558","1.552","2.38M","-0.32%"
"06/12/2012","1.558","1.557","1.560","1.552","4.74M","0.19%"
"06/11/2012","1.555","1.552","1.566","1.550","5.25M","-0.32%"
"06/10/2012","1.560","1.578","1.578","1.550","5.52M","-0.51%"
"06/07/2012","1.568","1.565","1.580","1.560","5.05M","0.19%"
"06/06/2012","1.565","1.560","1.570","1.555","3.03M","0.26%"
"06/05/2012","1.561","1.557","1.568","1.557","1.69M","0.26%"
"06/04/2012","1.557","1.559","1.565","1.551","2.83M","-0.13%"
"06/03/2012","1.559","1.569","1.574","1.545","10.77M","-0.89%"
"05/31/2012","1.573","1.574","1.578","1.571","1.69M","-0.25%"
"05/30/2012","1.577","1.565","1.588","1.565","3.04M","0.25%"
"05/29/2012","1.573","1.573","1.582","1.570","5.51M","-0.51%"
"05/28/2012","1.581","1.570","1.590","1.570","4.76M","0.25%"
"05/27/2012","1.577","1.577","1.582","1.574","6.58M","0.06%"
"05/24/2012","1.576","1.570","1.579","1.568","6.30M","0.38%"
"05/23/2012","1.570","1.580","1.580","1.561","5.35M","-0.63%"
"05/22/2012","1.580","1.580","1.581","1.570","6.73M","0.38%"
"05/21/2012","1.574","1.590","1.599","1.553","8.55M","-0.76%"
"05/20/2012","1.586","1.602","1.616","1.452","8.39M","-1.67%"
"05/17/2012","1.613","1.617","1.622","1.610","9.50M","0.06%"
"05/16/2012","1.612","1.620","1.627","1.610","4.49M","-0.49%"
"05/15/2012","1.620","1.616","1.625","1.607","5.16M","0.56%"
"05/14/2012","1.611","1.618","1.620","1.610","3.65M","-0.62%"
"05/13/2012","1.621","1.622","1.631","1.617","4.27M","0.00%"
"05/10/2012","1.621","1.620","1.623","1.618","4.15M","0.06%"
"05/09/2012","1.620","1.630","1.632","1.620","3.70M","-0.61%"
"05/08/2012","1.630","1.630","1.635","1.620","8.82M","0.00%"
"05/07/2012","1.630","1.640","1.640","1.628","5.81M","-0.24%"
"05/06/2012","1.634","1.640","1.640","1.620","9.86M","-0.37%"
"05/03/2012","1.640","1.646","1.648","1.639","7.93M","-0.36%"
"05/02/2012","1.646","1.646","1.652","1.643","6.89M","0.06%"
"05/01/2012","1.645","1.655","1.655","1.642","7.29M","-0.60%"
"04/30/2012","1.655","1.655","1.657","1.645","6.16M","0.30%"
"04/29/2012","1.650","1.660","1.660","1.646","5.15M","-0.42%"
"04/26/2012","1.657","1.660","1.660","1.640","16.80M","0.24%"
"04/25/2012","1.653","1.650","1.668","1.650","8.35M","0.36%"
"04/24/2012","1.647","1.652","1.652","1.640","9.06M","-0.48%"
"04/23/2012","1.655","1.662","1.669","1.655","8.06M","-0.54%"
"04/22/2012","1.664","1.675","1.681","1.659","8.20M","-1.48%"
"04/19/2012","1.689","1.681","1.708","1.680","12.89M","-4.52%"
"04/17/2012","1.769","1.777","1.787","1.766","16.75M","-0.90%"
"04/16/2012","1.785","1.790","1.790","1.775","7.77M","0.06%"
"04/15/2012","1.784","1.780","1.795","1.780","10.04M","0.51%"
"04/12/2012","1.775","1.772","1.779","1.768","9.16M","0.17%"
"04/11/2012","1.772","1.767","1.778","1.767","10.63M","0.00%"
"04/10/2012","1.772","1.755","1.775","1.755","7.67M","0.68%"
"04/09/2012","1.760","1.775","1.775","1.757","7.46M","-0.90%"
"04/08/2012","1.776","1.781","1.784","1.773","5.41M","-0.45%"
"04/05/2012","1.784","1.779","1.790","1.775","7.87M","0.17%"
"04/04/2012","1.781","1.784","1.788","1.772","8.62M","0.00%"
"04/03/2012","1.781","1.795","1.797","1.779","8.75M","-0.50%"
"04/02/2012","1.790","1.770","1.795","1.770","13.42M","1.47%"
"04/01/2012","1.764","1.750","1.771","1.750","10.17M","0.68%"
"03/29/2012","1.752","1.755","1.757","1.747","15.19M","-0.17%"
"03/28/2012","1.755","1.747","1.756","1.745","11.24M","0.29%"
"03/27/2012","1.750","1.755","1.759","1.744","11.84M","-0.28%"
"03/26/2012","1.755","1.749","1.758","1.749","16.84M","0.11%"
"03/25/2012","1.753","1.740","1.758","1.740","12.77M","0.57%"
"03/22/2012","1.743","1.740","1.745","1.733","10.11M","0.40%"
"03/21/2012","1.736","1.750","1.752","1.735","32.90M","-2.75%"
"03/20/2012","1.785","1.776","1.797","1.769","33.45M","0.51%"
"03/19/2012","1.776","1.773","1.780","1.770","14.20M","0.28%"
"03/18/2012","1.771","1.770","1.780","1.766","7.29M","-0.28%"
"03/15/2012","1.776","1.765","1.785","1.765","17.56M","0.74%"
"03/14/2012","1.763","1.760","1.767","1.754","11.18M","0.34%"
"03/13/2012","1.757","1.761","1.765","1.751","8.52M","0.00%"
"03/12/2012","1.757","1.754","1.795","1.749","44.89M","0.11%"
"03/11/2012","1.755","1.739","1.760","1.736","12.80M","1.09%"
"03/08/2012","1.736","1.724","1.738","1.720","4.88M","0.70%"
"03/07/2012","1.724","1.726","1.739","1.720","6.98M","-0.92%"
"03/06/2012","1.740","1.760","1.765","1.734","9.33M","-0.85%"
"03/05/2012","1.755","1.754","1.761","1.740","18.66M","0.92%"
"03/01/2012","1.739","1.737","1.739","1.718","5.70M","0.12%"
"02/29/2012","1.737","1.749","1.750","1.733","6.54M","-0.69%"
"02/28/2012","1.749","1.718","1.759","1.718","11.25M","1.80%"
"02/27/2012","1.718","1.719","1.735","1.718","10.64M","0.00%"
"02/26/2012","1.718","1.706","1.730","1.705","9.42M","0.76%"
"02/23/2012","1.705","1.700","1.706","1.695","4.36M","0.06%"
"02/22/2012","1.704","1.694","1.704","1.690","4.51M","0.77%"
"02/21/2012","1.691","1.676","1.699","1.673","2.93M","0.96%"
"02/20/2012","1.675","1.680","1.683","1.671","2.45M","0.00%"
"02/19/2012","1.675","1.661","1.685","1.660","4.36M","0.96%"
"02/16/2012","1.659","1.670","1.683","1.659","4.99M","-0.96%"
"02/15/2012","1.675","1.690","1.699","1.650","5.66M","-1.35%"
"02/13/2012","1.698","1.697","1.700","1.686","2.66M","-0.12%"
"02/12/2012","1.700","1.700","1.709","1.690","2.06M","-0.12%"
"02/09/2012","1.702","1.700","1.705","1.698","1.38M","-0.12%"
"02/08/2012","1.704","1.707","1.707","1.702","3.90M","-0.12%"
"02/07/2012","1.706","1.712","1.717","1.704","4.12M","-0.81%"
"02/06/2012","1.720","1.712","1.722","1.705","3.73M","0.06%"
"02/05/2012","1.719","1.710","1.725","1.701","6.66M","1.12%"
"02/02/2012","1.700","1.710","1.710","1.694","2.57M","0.12%"
"02/01/2012","1.698","1.685","1.706","1.685","4.92M","0.41%"
"01/31/2012","1.691","1.670","1.700","1.670","7.87M","1.20%"
"01/30/2012","1.671","1.661","1.689","1.661","2.22M","0.18%"
"01/29/2012","1.668","1.667","1.677","1.658","2.50M","0.06%"
"01/26/2012","1.667","1.685","1.695","1.666","5.12M","-1.19%"
"01/25/2012","1.687","1.667","1.693","1.650","7.60M","1.20%"
"01/24/2012","1.667","1.652","1.680","1.640","2.90M","0.12%"
"01/23/2012","1.665","1.681","1.688","1.665","6.26M","-1.48%"
"01/22/2012","1.690","1.690","1.700","1.677","4.44M","0.30%"
"01/19/2012","1.685","1.700","1.700","1.678","8.81M","-0.88%"
"01/18/2012","1.700","1.708","1.730","1.697","10.21M","-1.39%"
"01/17/2012","1.724","1.729","1.739","1.703","4.04M","-0.29%"
"01/16/2012","1.729","1.730","1.740","1.725","5.36M","-0.23%"
"01/15/2012","1.733","1.748","1.748","1.721","4.46M","-0.91%"
"01/12/2012","1.749","1.747","1.753","1.747","11.67M","0.11%"
"01/11/2012","1.747","1.741","1.754","1.741","15.69M","0.40%"
"01/10/2012","1.740","1.751","1.757","1.735","9.49M","-1.19%"
"01/09/2012","1.761","1.762","1.775","1.760","2.71M","-0.45%"
"01/08/2012","1.769","1.791","1.800","1.755","8.76M","-1.72%"
"01/05/2012","1.800","1.801","1.830","1.795","9.62M","-0.28%"
"01/04/2012","1.805","1.790","1.825","1.790","20.30M","0.73%"
"01/03/2012","1.792","1.750","1.801","1.750","12.82M","2.17%"
"01/02/2012","1.754","1.745","1.758","1.738","5.58M","0.17%"
"12/29/2011","1.751","1.750","1.754","1.743","4.82M","0.00%"
"12/28/2011","1.751","1.748","1.754","1.745","4.44M","0.06%"
"12/27/2011","1.750","1.750","1.757","1.748","2.71M","0.00%"
"12/26/2011","1.750","1.750","1.754","1.740","4.03M","0.06%"
"12/25/2011","1.749","1.740","1.749","1.740","5.55M","0.52%"
"12/22/2011","1.740","1.748","1.750","1.700","4.16M","-0.46%"
"12/21/2011","1.748","1.746","1.755","1.746","4.87M","-0.17%"
"12/20/2011","1.751","1.750","1.758","1.740","4.93M","-0.06%"
"12/19/2011","1.752","1.758","1.758","1.749","5.14M","0.00%"
"12/15/2011","1.752","1.745","1.759","1.744","3.11M","0.06%"
"12/14/2011","1.751","1.745","1.762","1.744","5.02M","0.34%"
"12/13/2011","1.745","1.750","1.750","1.743","10.28M","-0.51%"
"12/12/2011","1.754","1.755","1.756","1.743","10.99M","0.23%"
"12/11/2011","1.750","1.760","1.770","1.746","9.94M","-0.11%"
"12/08/2011","1.752","1.763","1.763","1.748","11.19M","-1.02%"
"12/07/2011","1.770","1.757","1.778","1.757","1.13M","0.51%"
"12/06/2011","1.761","1.770","1.782","1.757","5.32M","-0.51%"
"12/05/2011","1.770","1.775","1.781","1.757","4.80M","0.00%"
"12/04/2011","1.770","1.740","1.770","1.740","4.69M","1.55%"
"12/01/2011","1.743","1.745","1.745","1.736","4.72M","0.11%"
"11/30/2011","1.741","1.743","1.743","1.736","2.91M","0.06%"
"11/29/2011","1.740","1.740","1.751","1.737","3.51M","0.40%"
"11/28/2011","1.733","1.750","1.750","1.730","7.37M","-0.80%"
"11/27/2011","1.747","1.757","1.757","1.745","5.06M","-0.74%"
"11/24/2011","1.760","1.763","1.763","1.757","1.49M","-0.17%"
"11/23/2011","1.763","1.757","1.769","1.757","2.38M","-0.06%"
"11/22/2011","1.764","1.762","1.775","1.758","5.95M","-0.34%"
"11/21/2011","1.770","1.780","1.780","1.766","8.97M","-1.01%"
"11/20/2011","1.788","1.788","1.800","1.779","6.31M","-0.45%"
"11/17/2011","1.796","1.799","1.799","1.789","5.15M","-0.06%"
"11/16/2011","1.797","1.791","1.802","1.788","3.38M","0.39%"
"11/15/2011","1.790","1.797","1.797","1.785","5.63M","-0.44%"
"11/14/2011","1.798","1.795","1.803","1.788","6.55M","0.17%"
"11/13/2011","1.795","1.797","1.808","1.788","6.03M","-0.06%"
"11/10/2011","1.796","1.800","1.805","1.780","5.05M","-0.77%"
"11/09/2011","1.810","1.753","1.815","1.753","12.84M","2.03%"
"11/03/2011","1.774","1.731","1.800","1.731","21.53M","2.48%"
"11/02/2011","1.731","1.732","1.738","1.720","3.15M","-0.06%"
"11/01/2011","1.732","1.730","1.743","1.725","5.28M","-0.12%"
"10/31/2011","1.734","1.720","1.735","1.720","7.18M","0.46%"
"10/30/2011","1.726","1.716","1.726","1.713","8.47M","0.64%"
"10/27/2011","1.715","1.701","1.717","1.701","4.31M","0.53%"
"10/26/2011","1.706","1.700","1.707","1.697","4.24M","0.41%"
"10/25/2011","1.699","1.700","1.705","1.697","3.32M","-0.35%"
"10/24/2011","1.705","1.709","1.711","1.701","2.92M","0.12%"
"10/23/2011","1.703","1.706","1.711","1.695","4.70M","-0.12%"
"10/20/2011","1.705","1.714","1.719","1.700","2.47M","-0.58%"
"10/19/2011","1.715","1.705","1.721","1.705","10.58M","0.47%"
"10/18/2011","1.707","1.714","1.716","1.704","4.22M","-0.47%"
"10/17/2011","1.715","1.700","1.719","1.699","4.90M","0.70%"
"10/16/2011","1.703","1.688","1.707","1.687","2.53M","0.06%"
"10/13/2011","1.702","1.710","1.710","1.700","2.51M","-0.29%"
"10/12/2011","1.707","1.687","1.710","1.680","4.91M","1.19%"
"10/11/2011","1.687","1.695","1.695","1.680","3.29M","0.06%"
"10/10/2011","1.686","1.683","1.690","1.681","1.04M","0.00%"
"10/09/2011","1.686","1.699","1.707","1.680","2.84M","-0.65%"
"10/06/2011","1.697","1.670","1.699","1.669","4.87M","1.92%"
"10/05/2011","1.665","1.670","1.676","1.662","4.74M","0.24%"
"10/04/2011","1.661","1.690","1.691","1.659","7.51M","-1.95%"
"10/03/2011","1.694","1.699","1.702","1.692","4.92M","-0.53%"
"10/02/2011","1.703","1.715","1.715","1.700","8.15M","-0.53%"
"09/29/2011","1.712","1.720","1.729","1.707","3.36M","-0.17%"
"09/28/2011","1.715","1.711","1.729","1.711","7.71M","0.35%"
"09/27/2011","1.709","1.700","1.710","1.700","2.20M","0.35%"
"09/26/2011","1.703","1.700","1.705","1.700","2.79M","0.00%"
"09/25/2011","1.703","1.703","1.708","1.699","4.07M","-0.58%"
"09/22/2011","1.713","1.715","1.715","1.709","2.83M","-0.23%"
"09/21/2011","1.717","1.700","1.720","1.700","4.51M","1.00%"
"09/20/2011","1.700","1.699","1.703","1.696","4.08M","-0.06%"
"09/19/2011","1.701","1.703","1.704","1.698","2.67M","-0.29%"
"09/18/2011","1.706","1.703","1.711","1.700","6.48M","0.35%"
"09/15/2011","1.700","1.700","1.705","1.691","6.25M","0.12%"
"09/14/2011","1.698","1.700","1.705","1.690","7.56M","-0.06%"
"09/13/2011","1.699","1.711","1.711","1.696","2.92M","0.00%"
"09/12/2011","1.699","1.702","1.730","1.698","7.31M","-0.59%"
"09/11/2011","1.709","1.707","1.710","1.700","3.24M","0.12%"
"09/08/2011","1.707","1.715","1.730","1.705","8.74M","-0.41%"
"09/07/2011","1.714","1.710","1.725","1.702","8.47M","0.35%"
"09/06/2011","1.708","1.700","1.710","1.690","4.18M","0.47%"
"09/05/2011","1.700","1.741","1.743","1.698","9.42M","-2.75%"
"09/04/2011","1.748","1.726","1.750","1.726","3.04M","0.46%"
"08/29/2011","1.740","1.707","1.745","1.707","6.90M","1.93%"
"08/28/2011","1.707","1.705","1.710","1.701","3.01M","0.29%"
"08/25/2011","1.702","1.692","1.705","1.691","3.00M","0.53%"
"08/24/2011","1.693","1.690","1.699","1.689","2.39M","0.24%"
"08/23/2011","1.689","1.687","1.695","1.686","3.32M","0.18%"
"08/22/2011","1.686","1.690","1.694","1.685","2.47M","0.12%"
"08/21/2011","1.684","1.687","1.690","1.650","2.66M","-1.81%"
"08/18/2011","1.715","1.701","1.720","1.701","1.78M","0.47%"
"08/17/2011","1.707","1.690","1.720","1.690","2.79M","1.01%"
"08/16/2011","1.690","1.681","1.697","1.681","3.54M","0.90%"
"08/15/2011","1.675","1.715","1.715","1.675","4.61M","-2.33%"
"08/14/2011","1.715","1.720","1.725","1.699","4.31M","0.88%"
"08/11/2011","1.700","1.690","1.706","1.680","5.06M","-0.06%"
"08/10/2011","1.701","1.700","1.709","1.690","8.42M","0.95%"
"08/09/2011","1.685","1.700","1.706","1.679","13.47M","-1.92%"
"08/08/2011","1.718","1.702","1.727","1.702","4.42M","-0.52%"
"08/07/2011","1.727","1.700","1.741","1.700","8.86M","-2.65%"
"08/04/2011","1.774","1.750","1.790","1.750","9.35M","1.31%"
"08/03/2011","1.751","1.750","1.760","1.748","6.89M","-0.28%"
"08/02/2011","1.756","1.751","1.760","1.750","5.29M","-0.40%"
"08/01/2011","1.763","1.752","1.766","1.751","3.40M","0.80%"
"07/31/2011","1.749","1.750","1.750","1.735","8.30M","-0.29%"
"07/28/2011","1.754","1.775","1.775","1.754","5.09M","-1.29%"
"07/27/2011","1.777","1.781","1.796","1.770","7.29M","-0.28%"
"07/26/2011","1.782","1.779","1.799","1.779","2.06M","-0.06%"
"07/25/2011","1.783","1.778","1.788","1.778","998.28K","0.06%"
"07/24/2011","1.782","1.780","1.786","1.770","3.01M","-0.17%"
"07/21/2011","1.785","1.770","1.799","1.770","3.71M","1.02%"
"07/20/2011","1.767","1.801","1.809","1.751","6.35M","-1.61%"
"07/19/2011","1.796","1.791","1.801","1.791","2.30M","-0.61%"
"07/18/2011","1.807","1.820","1.820","1.790","2.44M","-0.71%"
"07/17/2011","1.820","1.810","1.827","1.810","1.82M","0.44%"
"07/14/2011","1.812","1.806","1.828","1.806","3.82M","-0.11%"
"07/13/2011","1.814","1.800","1.839","1.800","2.91M","0.78%"
"07/12/2011","1.800","1.822","1.830","1.792","7.73M","-1.37%"
"07/11/2011","1.825","1.823","1.831","1.822","4.08M","-0.27%"
"07/10/2011","1.830","1.817","1.835","1.817","2.64M","0.27%"
"07/07/2011","1.825","1.831","1.831","1.819","6.97M","-0.22%"
"07/06/2011","1.829","1.823","1.835","1.822","4.63M","-0.16%"
"07/05/2011","1.832","1.823","1.832","1.817","3.11M","0.22%"
"07/04/2011","1.828","1.829","1.832","1.820","5.32M","-0.05%"
"07/03/2011","1.829","1.810","1.835","1.810","9.82M","0.99%"
"06/30/2011","1.811","1.792","1.818","1.792","6.74M","0.78%"
"06/29/2011","1.797","1.798","1.807","1.788","28.39M","0.17%"
"06/28/2011","1.794","1.773","1.801","1.773","2.81M","0.96%"
"06/27/2011","1.777","1.762","1.799","1.762","8.07M","0.28%"
"06/26/2011","1.772","1.770","1.780","1.769","1.78M","0.00%"
"06/23/2011","1.772","1.768","1.789","1.768","3.25M","-0.17%"
"06/22/2011","1.775","1.775","1.789","1.771","3.55M","0.17%"
"06/21/2011","1.772","1.780","1.780","1.770","5.63M","-0.78%"
"06/20/2011","1.786","1.790","1.794","1.785","7.75M","-0.67%"
"06/19/2011","1.798","1.786","1.810","1.786","2.31M","0.00%"
"06/16/2011","1.798","1.817","1.819","1.789","5.93M","-1.05%"
"06/15/2011","1.817","1.805","1.822","1.803","8.94M","0.94%"
"06/14/2011","1.800","1.800","1.809","1.785","4.92M","0.06%"
"06/13/2011","1.799","1.790","1.815","1.770","7.17M","1.35%"
"06/12/2011","1.775","1.732","1.799","1.732","7.52M","2.01%"
"06/09/2011","1.740","1.730","1.755","1.722","5.93M","0.29%"
"06/08/2011","1.735","1.720","1.735","1.720","2.27M","0.75%"
"06/07/2011","1.722","1.725","1.733","1.720","6.27M","-0.12%"
"06/06/2011","1.724","1.710","1.729","1.710","3.05M","0.23%"
"06/05/2011","1.720","1.751","1.751","1.715","3.69M","-2.27%"
"06/02/2011","1.760","1.770","1.770","1.745","4.23M","-0.56%"
"06/01/2011","1.770","1.808","1.808","1.770","2.42M","-1.45%"
"05/31/2011","1.796","1.790","1.796","1.770","2.53M","0.73%"
"05/30/2011","1.783","1.775","1.785","1.765","2.02M","0.17%"
"05/29/2011","1.780","1.800","1.800","1.771","3.03M","-0.34%"
"05/26/2011","1.786","1.792","1.798","1.781","2.50M","-0.33%"
"05/25/2011","1.792","1.790","1.792","1.773","3.00M","0.11%"
"05/24/2011","1.790","1.795","1.799","1.770","12.49M","-0.72%"
"05/23/2011","1.803","1.820","1.824","1.798","9.40M","-1.21%"
"05/22/2011","1.825","1.827","1.830","1.820","2.23M","-0.27%"
"05/19/2011","1.830","1.830","1.831","1.820","1.80M","0.00%"
"05/18/2011","1.830","1.824","1.832","1.820","1.62M","-0.11%"
"05/17/2011","1.832","1.826","1.837","1.826","1.87M","-0.05%"
"05/16/2011","1.833","1.822","1.839","1.822","2.50M","-0.05%"
"05/15/2011","1.834","1.837","1.837","1.826","3.12M","-0.16%"
"05/12/2011","1.837","1.833","1.840","1.830","2.92M","-0.43%"
"05/11/2011","1.845","1.845","1.850","1.830","8.04M","-0.11%"
"05/10/2011","1.847","1.825","1.850","1.825","5.23M","1.21%"
"05/09/2011","1.825","1.806","1.825","1.806","3.60M","0.94%"
"05/08/2011","1.808","1.813","1.818","1.803","4.45M","-0.17%"
"05/05/2011","1.811","1.825","1.825","1.811","4.14M","-0.71%"
"05/04/2011","1.824","1.842","1.842","1.815","6.25M","-0.92%"
"05/03/2011","1.841","1.866","1.866","1.840","5.43M","-1.18%"
"05/02/2011","1.863","1.863","1.875","1.850","6.61M","0.00%"
"05/01/2011","1.863","1.854","1.866","1.848","8.38M","0.65%"
"04/28/2011","1.851","1.843","1.852","1.843","6.45M","0.60%"
"04/27/2011","1.840","1.818","1.845","1.818","13.50M","1.38%"
"04/26/2011","1.815","1.821","1.831","1.813","5.32M","-0.38%"
"04/25/2011","1.822","1.834","1.839","1.820","5.76M","-0.65%"
"04/24/2011","1.834","1.826","1.843","1.825","7.00M","0.22%"
"04/21/2011","1.830","1.810","1.837","1.802","12.90M","1.16%"
"04/20/2011","1.809","1.832","1.849","1.797","14.34M","-1.52%"
"04/19/2011","1.837","1.810","1.848","1.805","5.14M","-0.97%"
"04/18/2011","1.855","1.880","1.880","1.800","29.13M","-5.16%"
"04/14/2011","1.956","1.960","1.983","1.947","31.24M","-0.10%"
"04/13/2011","1.958","1.931","1.960","1.931","21.77M","1.45%"
"04/12/2011","1.930","1.939","1.940","1.897","20.45M","-0.46%"
"04/11/2011","1.939","1.911","1.948","1.910","28.97M","1.09%"
"04/10/2011","1.918","1.870","1.928","1.870","31.76M","2.90%"
"04/07/2011","1.864","1.855","1.876","1.850","27.09M","0.98%"
"04/06/2011","1.846","1.835","1.847","1.835","11.42M","-0.11%"
"04/05/2011","1.848","1.845","1.860","1.843","4.52M","0.16%"
"04/04/2011","1.845","1.837","1.850","1.837","4.90M","0.00%"
"04/03/2011","1.845","1.842","1.860","1.837","10.75M","0.44%"
"03/31/2011","1.837","1.840","1.845","1.810","8.82M","0.22%"
"03/30/2011","1.833","1.855","1.861","1.830","5.58M","-1.45%"
"03/29/2011","1.860","1.886","1.895","1.860","10.24M","-1.27%"
"03/28/2011","1.884","1.881","1.898","1.861","8.95M","0.16%"
"03/27/2011","1.881","1.860","1.890","1.860","8.88M","1.90%"
"03/24/2011","1.846","1.810","1.849","1.810","6.14M","1.65%"
"03/23/2011","1.816","1.785","1.820","1.781","3.68M","1.06%"
"03/22/2011","1.797","1.787","1.823","1.786","6.30M","1.53%"
"03/21/2011","1.770","1.843","1.848","1.770","9.97M","-3.23%"
"03/20/2011","1.829","1.801","1.840","1.800","8.27M","2.46%"
"03/17/2011","1.785","1.760","1.796","1.760","5.25M","1.13%"
"03/16/2011","1.765","1.770","1.790","1.760","6.40M","-0.56%"
"03/15/2011","1.775","1.782","1.794","1.770","7.44M","-3.53%"
"03/14/2011","1.840","1.831","1.860","1.815","8.09M","-1.34%"
"03/13/2011","1.865","1.889","1.898","1.830","15.52M","1.63%"
"03/10/2011","1.835","1.753","1.835","1.738","14.24M","4.32%"
"03/09/2011","1.759","1.730","1.760","1.730","8.50M","1.68%"
"03/08/2011","1.730","1.700","1.732","1.690","12.30M","2.98%"
"03/07/2011","1.680","1.692","1.705","1.655","7.17M","2.31%"
"03/03/2011","1.642","1.689","1.715","1.620","8.35M","-2.44%"
"03/02/2011","1.683","1.730","1.730","1.671","9.17M","-3.39%"
"03/01/2011","1.742","1.760","1.768","1.742","4.01M","-0.46%"
"02/28/2011","1.750","1.762","1.762","1.604","28.45M","-0.46%"
"02/27/2011","1.758","1.763","1.789","1.758","6.91M","-1.24%"
"02/24/2011","1.780","1.768","1.800","1.760","8.36M","0.85%"
"02/23/2011","1.765","1.760","1.799","1.745","10.24M","0.17%"
"02/22/2011","1.762","1.810","1.810","1.750","8.40M","-2.65%"
"02/21/2011","1.810","1.828","1.835","1.802","4.76M","-0.98%"
"02/20/2011","1.828","1.800","1.829","1.750","15.30M","-1.19%"
"02/17/2011","1.850","1.870","1.880","1.850","4.89M","-1.91%"
"02/16/2011","1.886","1.909","1.919","1.885","5.87M","-1.15%"
"02/15/2011","1.908","1.901","1.915","1.901","3.14M","-0.57%"
"02/14/2011","1.919","1.951","1.951","1.900","8.35M","-1.54%"
"02/13/2011","1.949","1.970","1.970","1.945","7.42M","-0.56%"
"02/10/2011","1.960","1.955","1.970","1.942","5.44M","0.72%"
"02/09/2011","1.946","1.970","1.988","1.941","10.87M","-0.97%"
"02/08/2011","1.965","1.896","1.992","1.892","28.51M","3.86%"
"02/07/2011","1.892","1.860","1.892","1.850","10.41M","1.61%"
"02/06/2011","1.862","1.855","1.878","1.840","8.37M","0.65%"
"02/03/2011","1.850","1.840","1.870","1.840","10.09M","2.78%"
"02/02/2011","1.800","1.911","1.930","1.800","17.22M","-5.26%"
"02/01/2011","1.900","1.850","1.900","1.833","9.03M","2.15%"
"01/31/2011","1.860","1.850","1.890","1.840","7.01M","0.54%"
"01/30/2011","1.850","1.770","1.860","1.770","32.89M","-5.61%"
"01/27/2011","1.960","1.940","1.970","1.930","11.96M","0.51%"
"01/26/2011","1.950","1.970","1.970","1.950","9.54M","-1.02%"
"01/25/2011","1.970","1.980","1.990","1.970","7.38M","-1.01%"
"01/24/2011","1.990","2.000","2.010","1.990","2.39M","-0.50%"
"01/23/2011","2.000","2.010","2.020","1.990","1.87M","-0.99%"
"01/20/2011","2.020","2.010","2.020","2.000","4.89M","-0.49%"
"01/19/2011","2.030","2.010","2.030","1.990","8.83M","0.00%"
"01/18/2011","2.030","2.010","2.030","2.000","6.47M","1.00%"
"01/17/2011","2.010","2.010","2.020","2.010","4.07M","-0.50%"
"01/16/2011","2.020","2.020","2.030","2.010","6.09M","0.00%"
"01/13/2011","2.020","2.020","2.030","2.010","6.94M","0.00%"
"01/12/2011","2.020","2.030","2.040","2.010","5.74M","-0.49%"
"01/11/2011","2.030","2.030","2.040","2.020","5.18M","0.50%"
"01/10/2011","2.020","2.030","2.040","2.020","2.75M","-0.49%"
"01/09/2011","2.030","2.020","2.050","2.020","6.50M","0.50%"
"01/06/2011","2.020","2.030","2.040","2.010","8.02M","-0.98%"
"01/05/2011","2.040","2.040","2.070","2.020","7.09M","0.00%"
"01/04/2011","2.040","2.020","2.070","2.020","21.47M","0.99%"
"01/03/2011","2.020","2.000","2.030","2.000","3.89M","0.00%"
"01/02/2011","2.020","2.010","2.030","2.000","9.92M","1.00%"